75.3942 -75.2561
75.3942 -73.8021
75.3942 -72.3481
75.3942 -70.8941
75.3942 -69.4401
75.3942 -67.9861
75.3942 -66.5321
75.3942 -65.0781
75.3942 -63.6241
76.8482 -75.2561
76.8482 -73.8021
76.8482 -72.3481
76.8482 -70.8941
76.8482 -69.4401
76.8482 -67.9861
76.8482 -66.5321
76.8482 -65.0781
76.8482 -63.6241
78.3022 -75.2561
78.3022 -73.8021
78.3022 -72.3481
78.3022 -70.8941
78.3022 -69.4401
78.3022 -67.9861
78.3022 -66.5321
78.3022 -65.0781
78.3022 -63.6241
79.7562 -75.2561
79.7562 -73.8021
79.7562 -72.3481
79.7562 -70.8941
79.7562 -69.4401
79.7562 -67.9861
79.7562 -66.5321
79.7562 -65.0781
79.7562 -63.6241
81.2102 -75.2561
81.2102 -73.8021
81.2102 -72.3481
81.2102 -70.8941
81.2102 -69.4401
81.2102 -67.9861
81.2102 -66.5321
81.2102 -65.0781
81.2102 -63.6241
82.6642 -75.2561
82.6642 -73.8021
82.6642 -72.3481
82.6642 -70.8941
82.6642 -69.4401
82.6642 -67.9861
82.6642 -66.5321
82.6642 -65.0781
82.6642 -63.6241
84.1182 -75.2561
84.1182 -73.8021
84.1182 -72.3481
84.1182 -70.8941
84.1182 -69.4401
84.1182 -67.9861
84.1182 -66.5321
84.1182 -65.0781
84.1182 -63.6241
85.5722 -75.2561
85.5722 -73.8021
85.5722 -72.3481
85.5722 -70.8941
85.5722 -69.4401
85.5722 -67.9861
85.5722 -66.5321
85.5722 -65.0781
85.5722 -63.6241
87.0262 -75.2561
87.0262 -73.8021
87.0262 -72.3481
87.0262 -70.8941
87.0262 -69.4401
87.0262 -67.9861
87.0262 -66.5321
87.0262 -65.0781
87.0262 -63.6241
