# Selecting tiles around 0.00,-45.00 (r=4.00)
## - Calculating separation, this may take some time. Slow but reliable... [DONE]
1.91191542242 -41.2574159774
7.89425996572e-07 -41.2760000229
358.088086152 -41.2574161054
3.92357305944 -42.6537221672
1.96307550736 -42.7109186656
8.77609465988e-07 -42.7300000191
358.036926243 -42.710918797
356.076428678 -42.6537224297
4.03056178911 -44.1056417072
2.01668972886 -44.1643974937
9.70027429048e-07 -44.1840000153
357.983312206 -44.1643976288
355.969440132 -44.1056419769
4.14293950059 -45.5574563765
2.07301322279 -45.6178499809
1.06712059278e-06 -45.6380000114
357.926988906 -45.6178501197
355.857062612 -45.5574566537
4.26127926465 -47.0091550142
2.13233492463 -47.0712733173
1.1693880424e-06 -47.0920000076
357.867667408 -47.0712734601
355.738723051 -47.0091552993
2.19498352244 -48.5246643066
1.27739752998e-06 -48.5460000038
357.805019026 -48.5246644535
# Selecting tiles around 60.00,-45.00 (r=4.00)
## - Calculating separation, this may take some time. Slow but reliable... [DONE]
59.1557325566 -41.0968348254
57.7038660046 -42.0458234717
56.2124596686 -42.9795250118
54.6795932877 -43.8968773253
60.4565991466 -42.1780447404
59.0046017481 -43.1400263006
57.511660381 -44.0872651688
55.9756524542 -45.0186883827
63.2123593633 -42.2560012295
61.8024007838 -43.2440497513
60.3524068394 -44.2189611179
58.8601040958 -45.1797235859
57.3231545416 -46.1252575039
55.7391664605 -47.0544111769
64.6002582707 -43.2934846266
63.1957673294 -44.2937199157
61.7501402463 -45.2814606492
60.2609007002 -46.2556970084
58.7254831317 -47.2153474427
57.1412417856 -48.1592537084
64.6394192628 -45.3258397213
63.2007719182 -46.3262650685
61.7172955142 -47.3138822216
60.1861864291 -48.2876131921
# Selecting tiles around 183.00,-1.20 (r=6.00)
## - Calculating separation, this may take some time. Slow but reliable... [DONE]
184.819064111 4.51583153876
183.549560439 4.63113868982
187.267272943 2.87449556674
185.980489731 2.96400714663
184.694617362 3.067143323
183.409775792 3.1838418891
182.126080989 3.31403270151
180.843644483 3.45763780962
179.562572932 3.61457159763
187.173934491 1.42349017755
185.871733892 1.51407375397
184.570507434 1.61844070438
183.270383505 1.73652622976
181.97148627 1.86825727579
180.673935198 2.01355267201
179.377844602 2.17232328438
188.399203444 -0.105172432729
187.080713469 -0.0275189830589
185.763123478 0.0641349159895
184.446574748 0.169730506749
183.131204603 0.289200314321
181.817145888 0.422468280766
180.504526476 0.569449914601
179.193468782 0.73005245468
177.884089307 0.904175047468
188.32142254 -1.55709106569
186.987490179 -1.47852807082
185.654519217 -1.38580415244
184.32266063 -1.27898048488
182.992061195 -1.15812730713
181.662862941 -1.02332377855
180.335202626 -0.874657818296
179.009211229 -0.712225929262
177.685013465 -0.536133007793
188.243534383 -3.00900682656
186.894144911 -2.92953324109
185.545781873 -2.83573823761
184.198606502 -2.72768548955
182.852775573 -2.60544809321
181.508440821 -2.46910841276
180.165748391 -2.31875790763
178.824838298 -2.1544969435
177.485843925 -1.97643458801
186.800557329 -4.38053062908
185.436771525 -4.28566210027
184.07425307 -4.17637769565
182.713169304 -4.05275346764
181.353682214 -3.91487509463
179.99594785 -3.76283769552
178.640115761 -3.59674562676
186.70660585 -5.8315163299
185.327346852 -5.73557044855
183.949439508 -5.62505022585
182.573062319 -5.50003477518
181.198388094 -5.36061320521
179.825583331 -5.20688442068
178.454807627 -5.03895690439
183.824002624 -7.07369610136
182.432271982 -6.94728323681
181.042356699 -6.80631197904
# Selecting tiles around 300.00,-45.00 (r=4.00)
## - Calculating separation, this may take some time. Slow but reliable... [DONE]
305.320407058 -43.8968804561
303.787540531 -42.9795282008
302.296134055 -42.0458267151
300.84426737 -41.0968381198
304.024347905 -45.0186915629
302.488339826 -44.0872684054
300.995398314 -43.1400295898
299.543400778 -42.1780480786
304.260834071 -47.0544143482
302.676845824 -46.1252607337
301.139896112 -45.1797268701
299.647593218 -44.2189644526
298.197599132 -43.244053133
296.787640419 -42.2560046548
302.85875875 -48.1592569316
301.274517231 -47.2153507222
299.739099499 -46.2557003401
298.249859799 -45.2814640293
296.804232569 -44.2937233405
295.399741491 -43.2934880928
299.813813922 -48.2876165213
298.282704668 -47.3138856007
296.799228105 -46.3262684935
295.36058061 -45.3258431886
