209.67382960188490 29.972885701768583
208.69857853722033 29.822292212253359
207.72273344074927 29.681863481349822
206.74632694772401 29.551646275577188
205.76939384870707 29.431684112683179
204.79197093164794 29.322017213628207
203.81409682229003 29.222682457744007
202.83581182295734 29.133713341227221
201.85715774979212 29.055139939116490
200.87817776853637 28.986988870890382
199.89891622897039 28.929283269810664
198.91941849813622 28.882042756122321
197.93973079249020 28.845283414208101
196.95990000914549 28.819017773781297
195.97997355636949 28.803254795185612
194.99999918351671 28.797999858856205
194.02002481058128 28.803254758980795
193.04009835755778 28.819017701384020
192.06026757380153 28.845283305643054
191.08057986758160 28.882042611426545
190.10108213601279 28.929283089033458
189.12182059555460 28.986988654093246
188.14284061325191 29.055139686373089
187.16418653888877 29.133713052623268
186.18590153821174 29.222682133377180
185.20802742736805 29.322016853608009
184.23060450868707 29.431683717130870
183.25367140791820 29.551645844625590
182.27726491301769 29.681863015143211
181.30141981455529 29.822291710947258
180.32616874779058 29.972885165529643
216.92119965771337 29.903122344278707
215.93088984338317 29.678652407107634
214.93983032644860 29.464106041983321
213.94803261147399 29.259554916176818
212.95551166791347 29.065067710751674
211.96228577312786 28.880710051094280
210.96837635385759 28.706544439294593
209.97380782598748 28.542630188619107
208.97860743247952 28.389023360311917
207.98280507938341 28.245776702952703
206.98643316986761 28.112939594592635
205.98952643624852 27.990557987880212
204.99212177002107 27.878674358379417
203.99425804992882 27.777327656271758
202.99597596813544 27.686553261622301
201.99731785458391 27.606382943377263
200.99832749965810 27.536844822247467
199.99904997527619 27.477963337618110
198.99953145457152 27.429759218610251
197.99981903032847 27.392249459404361
196.99996053235702 27.365447298920206
196.00000434400624 27.349362204930692
194.99999921801941 27.343999862670913
193.99999409194822 27.349362167985912
193.00003790334472 27.365447225043710
192.00017940495320 27.392249348622261
191.00046698012409 27.429759070961651
190.00094845866988 27.477963153155105
189.00167093337768 27.536844601035046
188.00268057738413 27.606382685493241
187.00402246261194 27.686552967157240
186.00574037944932 27.777327325328823
185.00787665784480 27.878673991074304
184.01047198996787 27.990557584340969
183.01356525456868 28.112939154959541
182.01719334314930 28.245776227378109
181.02139098803389 28.389022848960057
180.02619059239919 28.542629641665922
219.36534698887874 28.984976589842166
218.35727792134571 28.736404308379733
217.34844049640265 28.497760942330160
216.33883701463628 28.269128059219568
215.32847381347676 28.050584242716475
214.31736110442682 27.842205015438910
213.30551280880104 27.644062763099424
212.29294639172883 27.456226660267568
211.27968269421558 27.278762598024922
210.26574576309804 27.111733113782144
209.25116267876638 26.955197323521190
208.23596338056757 26.809210856718060
207.22018048983932 26.673825794193011
206.20384913055841 26.549090609125265
205.18700674762260 26.435050111458782
204.16969292281669 26.331745395913352
203.15194918854320 26.239213793803046
202.13381883942589 26.157488828849701
201.11534674192251 26.086600177164570
200.09657914210425 26.026573631555760
199.07756347178247 25.977431070302174
198.05834815318417 25.939190430518057
197.03898240238971 25.911865686213712
196.01951603176474 25.895466831140087
194.99999925162820 25.889999866485613
193.98048247140468 25.895466793474533
192.96101610051949 25.911865610896392
191.94165034929222 25.939190317576525
190.92243503009058 25.977430919777731
189.90341935899710 26.026573443503374
188.88465175824183 26.086599951652843
187.86617965964012 26.157488565960755
186.84804930926737 26.239213493632448
185.83030557358643 26.331745058569979
184.81299174722699 26.435049737064713
183.79614936259770 26.549090197815612
182.77981800149053 26.673825346115759
181.76403510881096 26.809210372033938
180.74883580854407 26.955196802403414
219.81873081319691 27.586859002976567
218.79198047233717 27.333939158867611
217.76444492825203 27.091098807306597
216.73612512834450 26.858423782289197
215.70702631359222 26.635996790213813
214.67715784850361 26.423897327608341
213.64653304910905 26.222201600177744
212.61516900873448 26.030982443482042
211.58308642134830 25.850309245549600
210.55030940231711 25.680247871724699
209.51686530644679 25.520860592041636
208.48278454323008 25.372206011409258
207.44810038925607 25.234339002880734
206.41284879778311 25.107310644272594
205.37706820550636 24.991168158385449
204.34079933659120 24.885954857065670
203.30408500407589 24.791710089333254
202.26696990877622 24.708469193785767
201.22950043585638 24.636263455471799
200.19172444925505 24.575120067410133
199.15369108418179 24.525062096912222
198.11545053791622 24.486108456846743
197.07705385916699 24.458273881964548
196.03855273625709 24.441568910382124
194.99999928441889 24.435999870300311
193.96144583249054 24.441568872013342
192.92294470931040 24.458273805241532
191.88454803011200 24.486108341798552
190.84630748322024 24.525061943582386
189.80827411734617 24.575119875856622
188.77049812977305 24.636263225766946
187.73302865571395 24.708468926016160
186.69591355911268 24.791709783599643
185.65919922513876 24.885954513482822
184.62293035461414 24.991167777082055
183.58714976058377 25.107310225391053
182.55189816722088 25.234338546577021
181.51721401122870 25.372205517852731
180.48313324587434 25.520860061414830
219.21581349358075 25.930162335696053
218.17012387192869 25.683242447864892
217.12362232153691 25.446636546191570
216.07631341507715 25.220431577152098
215.02820609551873 25.004711126092854
213.97931349718806 24.799555330831240
212.92965276403879 24.605040796899178
211.87924486492273 24.421240514766001
210.82811440570072 24.248223779371205
209.77628943807360 24.086056112290283
208.72380126506425 23.934799186848384
207.67068424312072 23.794510756486172
206.61697558085416 23.665244586671207
205.56271513446609 23.547050390635093
204.50794519995736 23.439973769202542
203.45271030224865 23.344056154962939
202.39705698137629 23.259334761018071
201.34103357595950 23.185842534521704
200.28469000416453 23.123608115207297
199.22807754241774 23.072655799079818
198.17124860214449 23.033005507426282
197.11425650482977 23.004672761277465
196.05715525571543 22.987668661430028
194.99999931646187 22.981999874115008
193.94284337711406 22.987668622374073
192.88574212771732 23.004672683180868
191.82875002993319 23.033005390319648
190.77192108900567 23.072655643009011
189.71530862642226 23.123607920233390
188.65896505361184 23.185842300720861
187.60294164700531 23.259334488481500
186.54728832477383 23.344055843796752
185.49205342554239 23.439973419527607
184.43728348935394 23.547050002586900
183.38302304113654 23.665244160399702
182.32931437689899 23.794510292155564
181.27619735285168 23.934798684636952
180.22370917761509 24.086055572390148
219.62966123443550 24.525181624880027
218.56632173808350 24.274290418708667
217.50213340050630 24.033856100343343
216.43710053280188 23.803969970289927
215.37123206186891 23.584719814655234
214.30454134529282 23.376189812918323
213.23704598278175 23.178460447357118
212.16876762394395 22.991608414500405
211.09973177224924 22.815706538969181
210.02996758506447 22.650823690063788
208.95950766970464 22.497024701444229
207.88838787548332 22.354370294240155
206.81664708179835 22.222917003915178
205.74432698232829 22.102717111195663
204.67147186545958 21.993818577359320
203.59812839110509 21.896264984161448
202.52434536411067 21.810095478658450
201.45017350448575 21.735344723168094
200.37566521472286 21.672042850584972
199.30087434450218 21.620215425246794
198.22585595310511 21.579883409523745
197.15066606988194 21.551063136278188
196.07536145313816 21.533766287316659
194.99999934782238 21.527999877929705
193.92463724240747 21.533766247588161
192.84933262536674 21.551063056837314
191.77414274165017 21.579883290402702
190.69912434956552 21.620215266493855
189.62433347846559 21.672042652264384
188.54982518763563 21.735344485360020
187.47565332676061 21.810095201458850
186.40187029833828 21.896264667681947
185.32852682238422 21.993818221727075
184.25567170375155 22.102716716553218
183.18335160236063 22.222916570420242
182.11161080660668 22.354369822065426
181.04049101017733 22.497024190777175
218.95382365677551 22.864334201478311
217.87240675775365 22.620165775818073
216.79009951200305 22.386687537592678
215.70691121663754 22.163991583307855
214.62285583967378 21.952166241713719
213.53795182524743 21.751295977000559
212.45222189442541 21.561461294068149
211.36569284146015 21.382738646268336
210.27839532538769 21.215200346012651
209.19036365692239 21.058914478627308
208.10163558065346 20.913944819826725
207.01225205259743 20.780350757163490
205.92225701321013 20.658187215797692
204.83169715600934 20.547504588911934
203.74062169200124 20.448348673079664
202.64908211014881 20.360760608874404
201.55713193415806 20.284776826985286
200.46482647589437 20.220429000081257
199.37222258577526 20.167744000641054
198.27937840051436 20.126743864940249
197.18635308861860 20.097445763358962
196.09320659405944 20.079861977145843
194.99999937856103 20.073999881744399
193.90679216295803 20.079861936758149
192.81364566808531 20.097445682600529
191.72062035566842 20.126743743844933
190.62777616968117 20.167743839259597
189.53517227863335 20.220428798481205
188.44286681924279 20.284776585250910
187.35091664193192 20.360760327106561
186.25937705857177 20.448348351395698
185.16830159287497 20.547504227445472
184.07774173381176 20.658186814698528
182.98774669239674 20.780350316597335
181.89836316215667 20.913944339975021
180.80963508355751 21.058913959687008
219.33336190281909 21.453458984899296
218.23514051851350 21.205643195677741
217.13597449408610 20.968654692116306
216.03587386488448 20.742589989092533
214.93485357966949 20.527541670905926
213.83293330017659 20.323598287797832
212.73013719543883 20.130844254595488
211.62649373072441 19.949359751917676
210.52203545100178 19.779220630371672
209.41679875889895 19.620498318161371
208.31082368718387 19.473259732514475
207.20415366584302 19.337567195322926
206.09683528389326 19.213478353374491
204.98891804610867 19.101046103535449
203.88045412489760 19.000318523224195
202.77149810760909 18.911338806493490
201.66210673959279 18.834145206015133
200.55233866337619 18.768770981235143
199.44225415436017 18.715244352940076
198.33191485346742 18.673588464446372
197.22138349720569 18.643821349594237
196.11072364563347 18.625955907696326
194.99999940873477 18.619999885559096
193.88927517172499 18.625955866661560
192.77861531982023 18.643821267542510
191.66808396300598 18.673588341413250
190.55774466134301 18.715244188978854
189.44766015134246 18.768770776416758
188.33789207393102 18.834144960428084
187.22850070451500 18.911338520243699
186.11954468562772 19.000318196434876
185.01108076262608 19.101045736346915
183.90316352286686 19.213477945943986
182.79584513876728 19.337566747824418
181.68917511511086 19.473259245138415
180.58320004092491 19.620497791114445
219.70562162775843 20.041744358254576
218.59098802205176 19.790360906386233
217.47534714590438 19.549937264362189
216.35871012363032 19.320574472352323
215.24109323918208 19.102369475739781
214.12251773057687 18.895415014489380
213.00300957815955 18.699799514692863
211.88259928656544 18.515606982768787
210.76132166030527 18.342916902787106
209.63921557295691 18.181804137378492
208.51632373001132 18.032338832675993
207.39269242547732 17.894586327721893
206.26837129241233 17.768607068755546
205.14341304759751 17.654456528778514
204.01787323063661 17.552185132771505
202.89180993780360 17.461838188913713
201.76528355101618 17.383455826128831
200.63835646235748 17.317072938254046
199.51109279460627 17.262719135098049
198.38355811827591 17.220418700622425
197.25581916569365 17.190190558447423
196.12794354267839 17.172048244848447
194.99999943839669 17.165999889373801
193.87205533399697 17.172048203177589
192.74417971062803 17.190190475124393
191.61644075745812 17.220418575684540
190.48890608030854 17.262718968601249
189.36164241150993 17.317072730272759
188.23471532158044 17.383455576755907
187.10818893330406 17.461837898260288
185.98212563877041 17.552184800966838
184.85658581990481 17.654456155969797
183.73162757298928 17.768606655107725
182.60730643763691 17.894585873417402
181.48367513063920 18.032338337914553
180.36078328506437 18.181803602376814
218.94056272791056 18.374386941267215
217.80880133937978 18.130597013077349
216.67597437393374 17.898000817523386
215.54209979031930 17.676699766429337
214.40720074806450 17.466790893233782
213.27130539007135 17.268366736931824
212.13444661789936 17.081515228769277
210.99666185967612 16.906319582202087
209.85799283063830 16.742858186624282
208.71848528636951 16.591204505354344
207.57818876887347 16.451426978354931
206.43715634567968 16.323588930142332
205.29544434224420 16.207748483321303
204.15311206796935 16.103958478157463
203.01022153622080 16.012266398573278
201.86683717877645 15.932714304925261
200.72302555519070 15.865338773889174
199.57885505760567 15.810170845746969
198.43439561157811 15.767235979334416
197.28971837353060 15.736554014871459
196.14489542546460 15.718139144859284
194.99999946759715 15.711999893188493
193.85510350960385 15.718139102562239
192.71028056116074 15.736553930296960
191.56560332248671 15.767235852521592
190.42114387558570 15.810170676754462
189.27697337688403 15.865338562795021
188.13316175194325 15.932714051826810
186.98977739291104 16.012266103587027
185.84688685934907 16.103958141418893
184.70455458304286 16.207748104984685
183.56284257736672 16.323588510380514
182.42181015173298 16.451426517359089
181.28151363160850 16.591204003333715
180.14200608453427 16.742857643805884
219.28444262468929 16.957785325384553
218.13688735612209 16.710692083028874
216.98818926066792 16.474921566163896
215.83836829764471 16.250579758783857
214.68744988091112 16.037768092158402
213.53546465613806 15.836583320635576
212.38244826966945 15.647117400298562
211.22844112892130 15.469457371035462
210.07348815433772 15.303685242571399
208.91763852299721 15.149877884998725
207.76094540403642 15.008106924325242
206.60346568612601 14.878438643540823
205.44525969730671 14.760933889680551
204.28639091755701 14.655647987337414
203.12692568453053 14.562630659049018
201.96693289295922 14.481925952952116
200.80648368827519 14.413572178065003
199.64565115505650 14.357601847521591
198.48451000094587 14.314041630042867
197.32313623673394 14.282912309890861
196.16160685333125 14.264228755508258
194.99999949638345 14.257999897003190
193.83839213930128 14.264228712593916
192.67686275549602 14.282912224082690
191.51548899061481 14.314041501381867
190.35434783557128 14.357601676069194
189.19351530116001 14.413571963902960
188.03306609502840 14.481925696182401
186.87307330176100 14.562630359793646
185.71360806679718 14.655647645738281
184.55473928487686 14.760933505899214
183.39653329366320 14.878438217758253
182.23905357314504 15.008106456741604
181.08236045137448 15.149877375833038
219.62317420837201 15.540616529900573
218.46012568146682 15.290277417076481
217.29584930172825 15.051386388844710
216.13036734199852 14.824054108005225
214.96370779190352 14.608386509140095
213.79590413011999 14.404484665709775
212.62699508703406 14.212444660108227
211.45702439774936 14.032357457285705
210.28604054548111 13.864308782537785
209.11409649545442 13.708379004045865
207.94124941950588 13.564643020737496
206.76756041166288 13.433170156014466
205.59309419505564 13.314024057872821
204.41791882058794 13.207262605911973
203.24210535786597 13.112937825699293
202.06572757895083 13.031095810923201
200.88886163556242 12.961776653730954
199.71158573042055 12.905014383607869
198.53397978346072 12.860836915112758
197.35612509370742 12.829266004739923
196.17810399762527 12.810317217131733
194.99999952480096 12.803999900817894
193.82189505183283 12.810317173608009
192.64387395532015 12.829265917713949
191.46601926485130 12.860836784627455
190.28841331689387 12.905014209727540
189.11113741047643 12.961776436541177
187.93427146553995 13.031095550530706
186.75789368481060 13.112937522231784
185.58208022001611 13.207262259517938
184.40690484322613 13.314023668721310
183.23243862405684 13.433169724294837
182.05874961342295 13.564642546659130
180.88590253446660 13.708378487837852
179.71395848122825 13.864308224448605
178.54297462555837 14.032356857582867
177.37300393269732 14.212444019077884
176.20409488587586 14.404483983656350
175.03629122021459 14.608385786385835
173.86963166611747 14.824053344889794
219.95727608831123 14.122937882863482
218.77901044375267 13.869405128861672
217.59942416013155 13.627442421616072
216.41854212491432 13.397165210796018
215.23639521454709 13.178684041408998
214.05302006201168 12.972104411589651
212.86845881347017 12.777526633455572
211.68275887396624 12.595045697691567
210.49597264223689 12.424751142514230
209.30815723477917 12.266726927655061
208.11937419940068 12.121051313982829
206.92968921857437 11.987796749364607
205.73917180299895 11.867029761339401
204.54789497585296 11.758810857149523
203.35593494830482 11.663194431641621
202.16337078692209 11.580228683512999
200.97028407368850 11.509955540338931
199.77675855940288 11.452410592773486
198.58287981129411 11.407623038270424
197.38873485573447 11.375615634622063
196.19441181697903 11.356404663562946
194.99999955289240 11.349999904632584
193.80558728865185 11.356404619436834
192.61126424943575 11.375615546392305
191.41711929311032 11.407622905981924
190.22324054393380 11.452410416493503
189.02971502828291 11.509955320156983
187.83662831339234 11.580228419540711
186.64406415006761 11.663194124012552
185.45210412030053 11.758810506018952
184.26082729066786 11.867029366884090
183.07030987234862 11.987796311782521
181.88062488853279 12.121050833492843
180.69184184993173 12.266726404496605
179.50402643903203 12.424750576946970
178.31724020365630 12.595045089994986
177.13154026031702 12.777525983928589
175.94697900776816 12.972103720550185
174.76360385107103 13.178683309193527
173.58145693640631 13.397164437759127
172.40057489677508 13.627441608129976
171.22098860864378 13.869404275315711
170.04272295949988 14.122936989663671
168.86579662619852 14.387919541468852
167.69022186389554 14.664227107312541
166.51600430528117 14.951730397459613
219.09401254744114 12.448124841590953
217.89936162552863 12.203134572004085
216.70331729801751 11.969953480232945
215.50591362980879 11.748696830956586
214.30719072155898 11.539474654836734
213.10719446047278 11.342391599541509
211.90597625874966 11.157546784664163
210.70359277975456 10.985033661245861
209.50010565207958 10.824939876597773
208.29558117176475 10.677347145099965
207.09008999303524 10.542331125631936
205.88370680801677 10.419961306262996
204.67651001597289 10.310300896799427
203.46858138270522 10.213406729750059
202.26000569083419 10.129329170232239
201.05087038176248 10.058112035296972
199.84126519019151 9.9997925231047535
198.63128177212752 9.9544011523334852
197.42101332737298 9.9219617121462900
196.21055421754409 9.9024912229913102
194.99999958069895 9.8959999084472852
193.78944494368920 9.9024911782689244
192.57898583336703 9.9219616227250071
191.36871738779257 9.9544010182602456
190.15873396858535 9.9997923444498689
188.94912877555259 10.058111812154014
187.73999346470634 10.129328902717877
186.53141777075541 10.213406418003881
185.32348913511100 10.310300540983702
184.11629234040333 10.419960906562418
182.90990915244492 10.542330682253333
181.70441797051171 10.677346658271954
180.49989348674239 10.824939346570439
179.29640635537714 10.985033088290345
178.09402287247099 11.157546169072255
176.89280466663308 11.342390941625219
175.69280840124566 11.539473954927843
174.49408548852693 11.748696089406156
173.29668181570105 11.969952697410845
172.10063748344487 12.203133748298466
170.90598655668066 12.448123977407732
169.71275682769112 12.704803038212368
168.52096959143421 12.973045656926894
167.33063943284662 13.252721788840384
166.14177402583425 13.543696775655521
164.95437394356168 13.845831503116191
163.76843247957311 14.158982558216058
162.58393547919923 14.483002385292220
161.40086118063346 14.817739440322990
219.40558254260964 11.026483997687148
218.19609034582288 10.778505798854686
216.98509955622035 10.542457597289248
215.77264772029412 10.318459489219437
214.55877871278801 10.106626148466418
213.34354248178079 9.9070666669663012
212.12699477990077 9.7198843993589072
210.90919688175961 9.5451768124134411
209.69021528779467 9.3830353400480870
208.47012141482355 9.2335452446820820
207.24899127371418 9.0967854856353956
206.02690513468690 8.9728285952628841
204.80394718086075 8.8617405634764737
203.58020515076123 8.7635807312707019
202.35576997059445 8.6784016938244957
201.13073537718833 8.6062492137046984
199.90519753257422 8.5471621446456059
198.67925463126232 8.5011723663239138
197.45300650132594 8.4683047304897308
196.22655420046453 8.4485770187531806
194.99999960826040 8.4419999122619860
193.77344501588004 8.4485769734397866
192.54699271449044 8.4683046398874851
191.32074458367606 8.5011722304818491
190.09480168113987 8.5471619636371869
188.86926383496007 8.6062489876276675
187.64422923965344 8.6784014228007287
186.41979405725885 8.7635804154459844
185.19605202461298 8.8617402030202719
183.97309406793272 8.9728281903680571
182.75100792575495 9.0967850365178755
181.52987778121155 9.2335447515805456
180.30978390453708 9.3830348032235396
179.09080230661471 9.5451762321488207
177.87300440427828 9.7198837759586425
176.65645669798278 9.9070660007558580
175.44122046235827 10.106625439791788
174.22735145005277 10.318458738446639
173.01489960916535 10.542456804803807
171.80390881446124 10.778504965061089
170.59441661245467 11.026483123008257
169.38645398033793 11.286265922791808
168.18004509863226 11.557722914183277
166.97520713733604 11.840718719568043
165.77195005524788 12.135113201875834
164.57027641205127 12.440761632682328
163.37018119266008 12.757514859723159
162.17165164324138 13.085219473076595
160.97466711825973 13.423717969289035
219.71415326825399 9.6045281434951111
218.49002234471300 9.3535973698127588
217.26428002887212 9.1147147424137831
216.03696763432242 8.8880053040855245
214.80813311028578 8.6735884857118837
213.57783078111243 8.4715779355866001
212.34612107026464 8.2820813529680688
211.11307020888353 8.1052003267125610
209.87874992915579 7.9410301798092942
208.64323714281443 7.7896598206222194
207.40661360522938 7.6511716016189020
206.16896556565723 7.5256411863370900
204.93038340434020 7.4131374253039830
203.69096125724820 7.3137222415823704
202.45079662936939 7.2274505265716007
201.20998999754886 7.1543700466402713
199.96864440396928 7.0945213611115028
198.72686504145008 7.0479377520617090
197.48475883180993 7.0146451663296343
196.24243399860711 6.9946621700650953
194.99999963561504 6.9879999160766761
193.75756527243414 6.9946621241651386
192.51524043866573 7.0146450745553421
191.27313422808538 7.0479376144642849
190.03135486425515 7.0945211777676462
188.79000926899903 7.1543698176520305
187.54920263514282 7.2274502520661992
186.30903800487772 7.3137219217119975
185.06961585505826 7.4131370602455116
183.83103369068328 7.5256407762917847
182.59338564773520 7.6511711468120804
181.35676210646966 7.7896593213028700
180.12124931615836 7.9410296362496755
178.88692903218714 8.1051997392077411
177.65387816630630 8.2820807218354631
176.42216845072107 8.4715772611654696
175.19186611659188 8.6735877683628200
173.96303158740159 8.8880045441898812
172.73571918752179 9.1147139403731341
171.50997686619701 9.3535965260483049
170.28584593704159 9.6045272584470780
169.06336083303142 9.8673756569807409
167.84254887685665 10.142005979873188
166.62343006639344 10.428277402498132
165.40601687494473 10.726044196581844
164.19031406580564 11.035155909443967
162.97631852060977 11.355457542463851
161.76401908083096 11.686789727978198
160.55339640173270 12.028988903837591
218.78155535689223 7.9284490997810630
217.54123649913174 7.6867608101775513
216.29923108867399 7.4573664319165704
215.05559144447864 7.2403902706170644
213.81037657910326 7.0359506468825721
212.56365191543512 6.8441597180762512
211.31548898623453 6.6651233054234327
210.06596511672694 6.4989407273371276
208.81516309061419 6.3457046398430084
207.56317080000804 6.2055008849550983
206.31008087991881 6.0784083478219513
205.05599032806253 5.9644988234254273
203.80100011087256 5.8638368935701459
202.54521475671982 5.7764798148519159
201.28874193745719 5.7024774182380540
200.03169203950847 5.6418720208315314
198.77417772581032 5.5946983503252916
197.51631349000365 5.5609834825830671
196.25821520433647 5.5407467927090002
194.99999966279995 5.5339999198913787
193.74178412106130 5.5407467462261204
192.48368583478862 5.5609833896440550
191.22582159797537 5.5946982109835766
189.96830728287364 5.6418718351671515
188.71125738312981 5.7024771863574975
187.45478456168769 5.7764795368879280
186.19899920497937 5.8638365696815002
184.94400898486833 5.9644984537966321
183.68991842973662 6.0784079326629312
182.43682850603079 6.2055004245008263
181.18483621148118 6.3457041343531007
179.93403418111393 6.4989401770953954
178.68451030705739 6.6651227107374273
177.43634737303205 6.8441590792767339
176.18962270428256 7.0359499643229793
174.94440783358971 7.2403895446729587
173.70076818386246 7.4573656629850422
172.45876276768070 7.6867599986766262
171.21844390402794 7.9284482461490695
169.97985695231830 8.1823002974320449
168.74304006369709 8.4481804283321917
167.50802394946857 8.7259474871701066
166.27483166638137 9.0154550851939632
165.04347841839319 9.3165517877675992
163.81397137442423 9.6290813054452347
162.58630950150928 9.9528826840632654
161.36048341266917 10.287790493002262
160.13647522873259 10.633635010797898
219.07107500923257 6.5030995733361152
217.81633547859644 6.2586306096694351
216.55978533571658 6.0265740769872069
215.30148156026746 5.8070592775930656
214.04148816242639 5.6002093247178673
212.77987589231964 5.4061409517242645
211.51672193035836 5.2249643268948045
210.25210955872103 5.0567828747765509
208.98612781438817 4.9016931050365233
207.71887112427976 4.7597844497561095
206.45043892319700 4.6311391100594985
205.18093525540735 4.5158319129313291
203.91046836085877 4.4139301790313334
202.63915024713231 4.3254936022603490
201.36709624837795 4.2505741417717511
200.09442457258501 4.1892159270562326
198.82125583864934 4.1414551766561027
197.54771260478947 4.1073201309887928
196.27391888994498 4.0868309996779475
194.99999968985139 4.0799999237060778
193.72608048954169 4.0868309526150135
192.45228677404907 4.1073200368908260
191.17874353911202 4.1414550355788400
189.90557480367409 4.1892157390831510
188.63290312595984 4.2505739070139210
187.36084912487252 4.3254933208562019
186.08953100841052 4.4139298511464400
184.81906411073453 4.5158315387580625
183.54956043943798 4.6311386898167024
182.28112823448225 4.7597839836887017
181.01387154015026 4.9016925934150670
179.74788979125958 5.0567823178967544
178.48327741474839 5.2249637250770453
177.22012344761606 5.4061403053130181
175.95851117206166 5.6002086340811408
174.69851776851806 5.8070585431217978
173.44021398713414 6.0265732990946317
172.18366383811076 6.2586297887904490
170.92892430114728 6.5030987099265971
169.67604505411123 6.7598447665405645
168.42506822090036 7.0287268679912032
167.17602813833093 7.3095983305779182
165.92895114175474 7.6023070807952715
164.68385536897813 7.9066958592530439
163.44075058194778 8.2226024243098266
162.19963800555206 8.5498597544906829
160.96051018279297 8.8882962487863040
219.35895687347158 5.0775863537750761
218.08993416154931 4.8303580530525023
216.81896901809603 4.5956586605018259
215.54612337099707 4.3736226018609781
214.27146653584578 4.1643779081900112
212.99507491806071 3.9680460116669320
211.71703169380953 3.7847415472284207
210.43742647001159 3.6145721611126054
209.15635492385820 3.4576383273424516
207.87391842245472 3.3140331731613930
206.59022362334815 3.1838423143984773
205.30538205687117 3.0671437016975456
204.01950969138261 2.9640074784947434
202.73272648264037 2.8744958515706807
201.44515590867809 2.7986629749384275
200.15692449169183 2.7365548477565547
198.86816130855777 2.6882092268781310
197.57899749171111 2.6536555545628446
196.28956572219954 2.6329149017904405
194.99999971680518 2.6259999275207742
193.71043371117958 2.6329148541495608
192.42100194097475 2.6536554593101704
191.13183812297564 2.6882090840717763
189.84307493823462 2.7365546574835595
188.55484351919267 2.7986627373145789
187.26727294273428 2.8744955667402858
185.98048973106506 2.9640071466303728
184.69461736223002 3.0671433229996894
183.40977579199966 3.1838418890951781
182.12608098874784 3.3140327015078181
180.84364448282292 3.4576378096204174
179.56257293178965 3.6145715976300914
178.28296770277211 3.7847409383189943
177.00492447298200 3.9680453576891765
175.72853284936014 4.1643772095269087
174.45387600809693 4.3736218589192628
173.18103035463503 4.5956578737113052
171.91006520459246 4.8303572228653699
170.64104248588069 5.0775854806652028
169.37401646213107 5.3372020356965795
168.10903347738531 5.6090603035324484
166.84613172185777 5.8930079420539201
165.58534101842758 6.1888870683487145
164.32668262938910 6.4965344761449266
163.07016908285721 6.8157818527601144
161.81580401811232 7.1464559945729720
160.56358204905973 7.4883790200565628
219.64556841360593 3.6519461812191056
218.36238228100478 3.4019763344705956
217.07711393211923 3.1646499811539504
215.78983052781382 2.9401068025316488
214.50060699615119 2.7284798781187254
213.20952572713554 2.5298954671801992
211.91667624400100 2.3444727963388465
210.62215485133117 2.1723238544415691
209.32606426048210 2.0135531958142980
208.02851319295996 1.8682577530080600
206.72961596259313 1.7365266601027349
205.42949203751300 1.6184410875899675
204.12826558313918 1.5140740898028582
202.82606498752602 1.4234904657977328
201.52302237059416 1.3467466345225931
200.21927307891042 1.2838905250288064
198.91495516781799 1.2349614823969974
197.61020887283667 1.1999901899564940
196.30517607235174 1.1789986082803061
194.99999974369621 1.1719999313354672
193.69482341479340 1.1789985600628266
192.38979061356724 1.1999900935518502
191.08504431735378 1.2349613378657605
189.78072640454297 1.2838903324616897
188.47697711066110 1.3467463940402526
187.17393449105998 1.4234901775505493
185.87173389231657 1.5140737539706277
184.57050743436332 1.6184407043815530
183.27038350526868 1.7365262297556587
181.97148627046727 1.8682572757880553
180.67393519810776 2.0135526720147965
179.37784460203670 2.1723232843831690
178.08332320378065 2.3444721803687090
176.79047371471677 2.5298948056714234
175.49939243945153 2.7284791714696870
174.21016890124304 2.9401060511653161
172.92288549012051 3.1646491855171472
171.63761713417296 3.4019754950332763
170.35443099429222 3.6519452984735774
169.07338618248184 3.9144125363044076
167.79453350366691 4.1892249979457361
166.51791522077281 4.4762245516574071
165.24356484268696 4.7752473759247769
163.97150693456308 5.0861241912247346
162.70175694979673 5.4086804910798900
161.43432108287004 5.7427367713412263
160.16919614215408 6.0881087566768572
219.93127084933917 2.2262151619992356
218.63402388698159 1.9735181013183740
217.33454671931395 1.7335773690372316
216.03291202292405 1.5065380399369406
214.72920064549487 1.2925383786013764
213.42350129313240 1.0917096056714073
212.11591019178263 0.90417567047725056
210.80653072303653 0.73005303129589882
209.49547303482279 0.56945044446283444
208.18285362769109 0.42246876353961071
206.86879491759771 0.28920074970124615
205.55342477630552 0.16973089445981587
204.23687605070586 6.41352557831197378E-002
202.91928606256272 -2.75186913999484022E-002
201.60079609035483 -0.10517218939189801
200.28155083506158 -0.16877531578675112
198.96169787188592 -0.21828708466068486
197.64138709004487 -0.25367553025636286
196.32077012287027 -0.27491777263094919
194.99999977055938 -0.28200006484983414
193.67922941798417 -0.27491782142442112
192.35861245001752 -0.25367562781171887
191.03830166685952 -0.21828723091481972
189.71844870184748 -0.16877551064515467
188.39920344420500 -0.10517243272887473
187.08071346914414 -2.75189830588578703E-002
185.76312347765509 6.41349159895432674E-002
184.44657474822941 0.16973050674907275
183.13120460264554 0.28920031432065013
181.81714588781108 0.42246828076580140
180.50452647550685 0.56944991460121741
179.19346878170893 0.73005245468007263
177.88408930698802 0.90417504746838151
176.57649819929520 1.0917089366575339
175.27079884024579 1.2925376639967261
173.96708745581100 1.5065372801811587
172.66545275212320 1.7335765645946304
171.36597557689299 1.9735172526771423
170.06872860673684 2.2262142696706047
168.77377606051255 2.4915159694874474
167.48117343856859 2.7692643774479335
166.19096728763270 3.0592954356416535
164.90319499088741 3.3614392496867365
163.61788458261992 3.6755203356854986
162.33505458668799 4.0013578662077665
161.05471387790101 4.3387659141714341
218.90519906606107 0.54501561974946344
217.59159050437518 0.30246983459605764
216.27567374408727 7.29422087214595533E-002
204.34548036390652 -1.3858038086829814
203.01250940586942 -1.4785277757490416
201.67857704737889 -1.5570908195032584
200.34383789626929 -1.6214409571716457
199.00844961252528 -1.6715355064101449
197.67257231412145 -1.7073411753367271
196.33636797209215 -1.7288341331729757
194.99999979742927 -1.7360000610351369
193.66363162248399 -1.7288341825425770
192.32742727960863 -1.7073412740430274
190.99154997979826 -1.6715356543874127
189.65616169409259 -1.6214411543214533
188.32142254047358 -1.5570910656946919
186.98749017893545 -1.4785280708189872
185.65451921732404 -1.3858041524364597
184.32266063043733 -1.2789804848799426
182.99206119474479 -1.1581273071259337
181.66286294093584 -1.0233237785499598
180.33520262633340 -0.87465781829569689
179.00921122902116 -0.71222592926179407
177.68501346533276 -0.53613300779290840
176.36272733213627 -0.34649214023373698
175.04246367512508 -0.14342438756603756
173.72432578410121 7.29414406009142452E-002
172.40840901600689 0.30246902137717213
171.09480044622910 0.54501476193914822
169.78357854847957 0.80042804952274549
168.47481290332860 1.0685515067025664
167.16856393526120 1.3492212506010315
165.86488267792060 1.6422671546850656
164.56381056701377 1.9475131118306912
163.26537926017818 2.2647772973667846
161.96961048294384 2.5938724308478101
160.67651589978266 2.9346060353502894
204.45421776107958 -2.8357378898953800
203.10585472719549 -2.9295329426021155
201.75646525826323 -3.0090065775130581
200.40621444653243 -3.0741046805806174
199.05527062804970 -3.1247828142177934
197.70380475197794 -3.1610063141581644
196.35198973795013 -3.1827503654703451
194.99999982434042 -3.1900000572204390
193.64800991042944 -3.1827504154169559
192.29619489549839 -3.1610064140171250
190.94472901792506 -3.1247829639206484
189.59378519734810 -3.0741048800248825
188.24353438293826 -3.0090068265624281
186.89414491075229 -2.9295332410867791
185.54578187305208 -2.8357382376123783
184.19860650234921 -2.7276854895505784
182.85277557279119 -2.6054480932112689
181.50844082132926 -2.4691084127600984
180.16574839091561 -2.3187579076320222
178.82483829776754 -2.1544969435023740
177.48584392450357 -1.9764345880060861
176.14889154071864 -1.7846883924732522
174.81409985231755 -1.5793841610146568
173.48157958066633 -1.3606557083437734
172.15143307236860 -1.1286446077619527
170.82375394021483 -0.88349993076141153
169.49862673560312 -0.62537797971604892
168.17612665248146 -0.35444201513377166
166.85631926263056 -7.08619789363391789E-002
165.53926028188084 0.22518578478562920
164.22499536664759 0.53351881012309288
162.91355993997695 0.85394878942234620
161.60497904611907 1.1862818517454843
160.29926723248593 1.5303188384334188
204.56322816200486 -4.2856617485838369
203.19944236233130 -4.3805303271742604
201.83456129117633 -4.4609167703366195
200.46876113081930 -4.5267647575818319
199.10222151407459 -4.5780280337023767
197.73512485426647 -4.6146705129802390
196.36765566191411 -4.6366663609851679
194.99999985132797 -4.6440000534057440
193.63234404042009 -4.6366664115104159
192.26487484710401 -4.6146706139950613
190.89777818569382 -4.5780281851355067
189.53123856671448 -4.5267649593265737
188.16543840349880 -4.4609170222510892
186.80055732887206 -4.3805306290817114
185.43677152512646 -4.2856621002730444
184.07425307034396 -4.1763776956502037
182.71316930396188 -4.0527534676404509
181.35368221427882 -3.9148750946262632
179.99594785038005 -3.7628376955187344
178.64011576071891 -3.5967456267597466
177.28632846033690 -3.4167122630577880
175.93472092842819 -3.2228597632457312
174.58542013767885 -3.0153188227185490
173.23854461652104 -2.7942284139643405
171.89420404515522 -2.5597355167437112
170.55249888590731 -2.3119948394996226
169.21352004820585 -2.0511685335940064
167.87734858819431 -1.7774259019675716
166.54405544272936 -1.4909431038075240
165.21370119727362 -1.1919028567840491
163.88633588696121 -0.88049413838177770
162.56199882989949 -0.55691188780798129
161.24071849158793 -0.22135670990596015
204.67265288823523 -5.7355700928776017
203.29339389434494 -5.8315160245596767
201.91296678628112 -5.9128186761515211
200.53155947321306 -5.9794194408886296
199.14936353819121 -6.0312701796730108
197.76657352567270 -6.0683333331931832
196.38338621429261 -6.0905820099524322
194.99999987842693 -6.0980000495910431
193.61661354221826 -6.0905820610586998
192.23342622981033 -6.0683334353685794
190.85063621558311 -6.0312703328433548
189.46844027817815 -5.9794196449428627
188.08703296206147 -5.9128189309419756
186.70660585029486 -5.8315163299024091
185.32734685206162 -5.7355704485528385
183.94943950833897 -5.6250502258546016
182.57306231891994 -5.5000347751849299
181.19838809376222 -5.3606132052132338
179.82558333139605 -5.2068844206780573
178.45480762684906 -5.0389569043908322
177.08621311125478 -4.8569484818972182
175.71994392500483 -4.6609860703162012
174.35613572598845 -4.4512054129510483
172.99491523414235 -4.2277508013246967
171.63639981320716 -3.9907747863341374
170.28069709026920 -3.7404378802454370
168.92790461335244 -3.4769082512622500
167.57810954702154 -3.2003614123976196
166.23138840567015 -2.9109799063617583
164.88780682389586 -2.6089529881484657
163.54741936311234 -2.2944763069609224
162.21026935331849 -1.9677515890648920
160.87638876873768 -1.6289863230950772
159.54579813585576 -1.2783934492699656
158.21850647223391 -0.91619105389293842
156.89451125433322 -0.54260207043420627
155.57379841248724 -0.15785398840069478
204.78263539872034 -7.1854575506996925
203.38783278846995 -7.2824860693082289
201.99178498792503 -7.3647095301302334
200.59469230472996 -7.4320669551837142
199.19675896204694 -7.4845082509479974
197.79819234022091 -7.5219943290088631
196.39920220206079 -7.5444972008017945
194.99999990567335 -7.5520000457763450
193.60079760892017 -7.5444972524922349
192.20180746966446 -7.5219944323510868
190.80324084601693 -7.4845084058647942
189.40530750079347 -7.4320671615594929
188.00821481434866 -7.3647097878113259
186.61216700985665 -7.2824863781032425
185.21736439497670 -7.1854579103799647
183.82400262366116 -7.0736961013574806
182.43227198164527 -6.9472832368129120
181.04235669891102 -6.8063119790381696
179.65443429212917 -6.6508851527845678
178.26867493977932 -6.4811155111546164
176.88524089231453 -6.2971254830102179
175.50428591939340 -6.0990469035623258
174.12595479584468 -5.8870207298858359
172.75038282766582 -5.6611967431641910
171.37769541899615 -5.4217332395112896
170.00800768064516 -5.1687967112438304
168.64142408040721 -4.9025615204858584
167.27803813505750 -4.6232095669795097
165.91793214360484 -4.3309299519530278
164.56117696107640 -4.0259186398597304
163.20783181183594 -3.7083781197513606
161.85794414118141 -3.3785170679872021
160.51154950374826 -3.0365500139079873
159.16867148704534 -2.6826970100224776
157.82932166828448 -2.3171833081661974
156.49349960252414 -1.9402390429970053
155.16119284004162 -1.5520989240938199
153.83237697076106 -1.1530019378222740
152.50701569351452 -0.74319106002766766
151.18506090788287 -0.32291298051099449
204.89332204889035 -8.6353186412781220
203.48288504772756 -8.7334364143335801
202.07112129455584 -8.8165865096967977
200.65824420561410 -8.8847054876324396
199.24447137445941 -8.9377412249960848
197.83002376401714 -8.9756530450718994
196.41512488043406 -8.9984118195592711
194.99999993310371 -9.0060000419616451
193.58487498538375 -8.9984118718378170
192.16997610063322 -8.9756531495887639
190.75552848825009 -8.9377413816709055
189.34175565438852 -8.8847056963449269
187.92887856198399 -8.8165867702870386
186.51711480460654 -8.7334367266024433
185.10667779851110 -8.6353190049877355
183.69777599704491 -8.5223082049861887
182.29061213133275 -8.3944899034659493
180.88538248086661 -8.2519604476236612
179.48227617731254 -8.0948267249730321
178.08147454449022 -7.9232059119181057
176.68315047711462 -7.7372252026329269
175.28746786048953 -7.5370215200722956
173.89458103294783 -7.3227412110214471
172.50463429242018 -7.0945397271559703
171.11776144810722 -6.8525812941265798
169.73408541783135 -6.5970385707072960
168.35371787124996 -6.3280923000506526
166.97675891874167 -6.0459309550803413
165.60329684542012 -5.7507503800217288
164.23340788940163 -5.4427534300251379
162.86715606314954 -5.1221496107766296
161.50459301644355 -4.7891547199185398
160.14575793928145 -4.4439904920183162
158.79067750280683 -4.0868842487309527
157.43936583618336 -3.7180685556997322
156.09182453718734 -3.3377808876325989
154.74804271417963 -2.9462633028806571
153.40799705703785 -2.5437621287303767
152.07165193457820 -2.1305276585056827
150.73895951597456 -1.7068138614598833
203.57867989675924 -10.184362908911838
202.15108383265988 -10.268446719138556
200.72230196719113 -10.337333177976273
199.29256603939973 -10.390968052338337
197.86211138800377 -10.429309013963415
196.43117606947567 -10.452325749221929
194.99999996075564 -10.460000038146953
193.56882385162055 -10.452325802093323
192.13788853184894 -10.429309119664337
190.70743387838581 -10.390968210785157
189.27769794771120 -10.337333389043801
187.84891607855434 -10.268446982660407
186.42132000997572 -10.184363224680824
184.99513701966282 -10.085148113218501
183.57058908705278 -9.9708792427858643
182.14789208561399 -9.8416456079606629
180.72725500829370 -9.6975473808218524
179.30887922977251 -9.5386956637609455
177.89295780876989 -9.3652122194271108
176.47967483321997 -9.1772291796961021
175.06920481069540 -8.9748887356634377
173.66171210600191 -8.7583428107500332
172.25735042740610 -8.5277527190746927
170.85626236250152 -8.2832888112907117
169.45857896426855 -8.0251301101059092
168.06441938744706 -7.7534639377055958
166.67389057492608 -7.4684855372786796
165.28708699346066 -7.1703976908088771
163.90409041766452 -6.8594103352376008
162.52496976089287 -6.5357401790342076
161.14978095133358 -6.1996103211245650
159.77856685136010 -5.8512498740323924
158.41135721797752 -5.4908935929812666
157.04816870200239 -5.1187815125905667
155.68900488346810 -4.7351585926778155
154.33385634063484 -4.3402743745547214
152.98270074990182 -3.9343826490761953
151.63550301387767 -3.5177411375728509
150.29221541485020 -3.0906111866687214
203.67535050188667 -11.635261275512208
202.23178406148111 -11.720287173391363
200.78695507874136 -11.789948108089044
199.34111026297239 -11.844187650644310
197.89450017348850 -11.882961753567731
196.44737827712561 -11.906238869098166
194.99999998866792 -11.914000034332251
193.55262169976834 -11.906238922567987
192.10549980208145 -11.882961860463793
190.65888971039647 -11.844187810879577
189.21304489155762 -11.789948321533242
187.76821590489089 -11.720287439871347
186.32464945971617 -11.635261594812423
184.88258749532497 -11.534939446272888
183.44226628853664 -11.419401703624734
182.00391559362583 -11.288740914458815
180.56775781904435 -11.143061225234696
179.13400724494056 -10.982478115585218
177.70286928503413 -10.807118108209485
176.27453979591587 -10.617118456430440
174.84920443634724 -10.412626811610998
173.42703807861608 -10.193800872715773
172.00820427348935 -9.9608080203734737
170.59285476978891 -9.7138249378376074
169.18112908910928 -9.4530372212619227
167.77315415571491 -9.1786389817018730
166.36904398118679 -8.8908324412264843
164.96889940295682 -8.5898275254770660
163.57280787546654 -8.2758414549428565
162.18084331232330 -7.9490983371399633
160.79306597750167 -7.6098287617818903
159.40952242335675 -7.2582694009185413
158.03024547297400 -6.8946626158993132
156.65525424418411 -6.5192560728857929
155.28455421241472 -6.1323023685032476
153.91813730943886 -5.7340586670799931
152.55598205500382 -5.3247863507805553
151.19805371828829 -4.9047506837956076
203.77303473612187 -13.086127085178317
202.31333741588287 -13.172104780800584
200.85229624533849 -13.242548290868422
199.39017378388871 -13.297398898450044
197.92723671346448 -13.336610764269709
196.46375483016402 -13.360151054105421
195.00000001688079 -13.368000030517553
193.53624520312724 -13.360151108180103
192.07276331841740 -13.336610872373710
190.60982624565008 -13.297399060492776
189.14770378093249 -13.242548506714297
187.68666260620830 -13.172105050269433
186.22696528089307 -13.086127408045856
184.76886925849294 -12.984687012526654
183.31262593387396 -12.867867816335183
181.85847972648946 -12.735766064902343
180.40666720444437 -12.588490038999897
178.95741625380413 -12.426159769088043
177.51094529704142 -12.248906723605204
176.06746256396616 -12.056873473482058
174.62716541791974 -11.850213335287506
173.19023973942797 -11.629089995512576
171.75685936892910 -11.393677118567986
170.32718560960814 -11.144157941112583
168.90136679080933 -10.880724855344639
167.47953789194901 -10.603578983876224
166.06182022634300 -10.312929748774861
164.64832118387528 -10.008994437297766
163.23913403099812 -9.6919977667645405
161.83433776615266 -9.3621714509162572
160.43399702834859 -9.0197537699950345
159.03816205633518 -8.6649891466507434
157.64686869554305 -8.2981277296430687
156.26013844976546 -7.9194249871599833
154.87797857439375 -7.5291413114204877
153.50038220790543 -7.1275416360722668
152.12732853823672 -6.7148950677357098
150.75878300064579 -6.2914745328870358
203.87187599873641 -14.536955731150016
202.39586399546954 -14.623896324639810
200.91842194322635 -14.695131658321305
199.43982919240318 -14.750600628417896
197.96036951305643 -14.790255525946870
196.48033001478257 -14.814062174016364
195.00000004543620 -14.822000026702856
193.51967007558903 -14.814062228703238
192.03963057581518 -14.790255635273391
190.56017089397483 -14.750600792289770
189.08157813967421 -14.695131876597410
187.60413608298290 -14.623896597132639
186.12812407431443 -14.536956057626178
184.65381599210673 -14.434384581999344
183.18147922459536 -14.316269503856670
181.71137369155110 -14.182710921750397
180.24375091137392 -14.033821422141457
178.77885311838793 -13.869725772205014
177.31691243460284 -13.690560584824361
175.85815009958378 -13.496473958282882
174.40277576142546 -13.287625093298219
172.95098683117237 -13.064183890146065
171.50296790236280 -12.826330528692074
170.05889023672751 -12.574255034190079
168.61891131643506 -12.308156831714346
167.18317446267315 -12.028244292073897
165.75180851977836 -11.734734272010146
164.32492760359810 -11.427851651407339
162.90263091227905 -11.107828870150927
161.48500259724426 -10.774905467154609
160.07211169173638 -10.429327623945367
158.66401209398043 -10.071347715049816
157.26074260174494 -9.7012238672678830
155.86232699487039 -9.3192195297536511
154.46877416216762 -8.9256030566508535
153.08007826898393 -8.5206473038550250
151.69621896167456 -8.1046292412971841
150.31716160520511 -7.6778295819681333
203.97202410010414 -15.987742400380073
202.47948930902567 -16.075658443143876
200.98543302006169 -16.147696048685869
199.49015238326422 -16.203791620048843
197.99394929281664 -16.243895494716391
196.49712922863318 -16.267972092643525
195.00000007437768 -16.276000022888155
193.50287091958944 -16.267972147950861
192.00605085380982 -16.243895605281892
190.50984776070891 -16.203791785774335
189.01456712021127 -16.147696269424465
187.52051082651451 -16.075658718700360
186.02797602968917 -15.987742730511586
184.53725400824192 -15.884025648011622
183.04862907962854 -15.764598333786470
181.56237755522420 -15.629564906281955
180.07876674570070 -15.479042441595929
178.59805402214977 -15.313160643006249
177.12048593761506 -15.132061480817654
175.64629741299836 -14.935898805290110
174.17571099056488 -14.724837935554312
172.70893615753300 -14.499055227528384
171.24616874148489 -14.258737623921629
169.78759037860436 -14.004082189448301
168.33336805503188 -13.735295634377028
166.88365372095393 -13.452593829512608
165.43858397639985 -13.156201315647150
163.99827982713737 -12.846350810430957
162.56284650851592 -12.523282715501853
161.13237337463875 -12.187244626578622
159.70693384982565 -11.838490849072652
158.28658543898177 -11.477281921605144
156.87136979320098 -11.103884149638613
155.46131282671081 -10.718569151244004
154.05642488110414 -10.321613416831475
152.65670093270307 -9.9132978844767923
151.26212083885116 -9.4939075322789321
204.07363622387891 -17.438482042556352
202.56434508447865 -17.527387607781971
201.05343534829353 -17.600239192412584
199.54122304893895 -17.656970591746507
198.02802931907377 -17.697530099391930
196.51417914646515 -17.721880666951080
195.00000010375140 -17.730000019073465
193.48582106047081 -17.721880722888127
191.97197088616394 -17.697530211214829
190.45877715347558 -17.656970759353019
188.94656485018436 -17.600239415649764
187.43565510896440 -17.527387886446601
185.92636396345063 -17.438482376395619
184.41900113882514 -17.333603385510102
182.91386888468730 -17.212845464670604
181.41126085742223 -17.076316931636942
179.91146105864459 -16.924139549917726
178.41474283559023 -16.756448173115956
176.92136794856572 -16.573390357600815
175.43158570975993 -16.375125946548525
173.94563219688871 -16.161826628548226
172.46372954430024 -15.933675474081369
170.98608531332479 -15.690866453255673
169.51289194282469 -15.433603938207236
168.04432628010375 -15.162102193579534
166.58054919157496 -14.876584858447039
165.12170525187571 -14.577284422976952
163.66792250946958 -14.264441703018200
162.21931232618510 -13.938305315675608
160.77596928762364 -13.599131158772348
159.33797118092264 -13.247181896929758
157.90537903598624 -12.882726456803068
156.47823722599799 -12.506039533809414
155.05657362280033 -12.117401112473152
153.64039980257087 -11.717096002297041
152.22971129712982 -11.305413390849509
150.82448788618802 -10.882646415539941
204.17687798020415 -18.889169336187035
202.65057015598506 -18.979080099458990
201.12254054108234 -19.052758696802030
199.59312522024129 -19.110136192118006
198.06266576612347 -19.151158737598763
196.53150790175528 -19.175787746080825
195.00000013360568 -19.184000015258764
193.46849236485298 -19.175787802657879
191.93733449867796 -19.151158850699545
190.40687504155653 -19.110136361636034
188.87745971652748 -19.052758922577997
187.34943009626863 -18.979080381281296
185.82312226554666 -18.889169673792438
184.29886552219614 -18.783110605468210
182.77698112526525 -18.661001587277688
181.25778109832970 -18.522955329659279
179.74156709525005 -18.369098496535784
178.22862933483680 -18.199571322383129
176.71924561001890 -18.014527195500076
175.21368037618845 -17.814132210833861
173.71218392244793 -17.598564695879638
172.21499162852967 -17.368014713288453
170.72232330919769 -17.122683543890474
169.23438264701508 -16.862783153867067
167.75135671345890 -16.588535649790781
166.27341557751595 -16.300172725197051
164.80071200010752 -15.997935102260016
163.33338121196516 -15.682071972019951
161.87154077193827 -15.352840436455766
160.41529050214774 -15.010504955516819
158.96471249592162 -14.655336802028133
157.51987119404851 -14.287613527166386
156.08081352457702 -13.907618438974819
154.64756910115693 -13.515640096147653
153.22015047476657 -13.111971819072281
151.79855343359611 -12.696911219874341
150.38275734584528 -12.270759752969452
204.28192456563647 -20.339798651242528
202.73831144143094 -20.430731982287799
201.19286674153841 -20.505252029068131
199.64594786253338 -20.563286990380188
198.09791811574883 -20.604780771488521
196.54914528708764 -20.629693170277637
195.00000016399201 -20.638000011444070
193.45085504025474 -20.629693227506099
191.90208220967099 -20.604780885889870
190.35405245969093 -20.563287161843483
188.80713357623017 -20.505252257427408
187.26168887063977 -20.430732267322643
185.71807573951708 -20.339798992678791
184.17664426757676 -20.232539704686058
182.63773588319850 -20.109056859990250
181.10168207553500 -19.969467770472026
179.56880318123433 -19.813904230275501
178.03940724789618 -19.642512103291629
176.51378898038638 -19.455450874575305
174.99222877508191 -19.252893169399151
173.47499184603942 -19.035024243819439
171.96232744598922 -18.802041450750767
170.45446818397454 -18.554153685615979
168.95162944040726 -18.291580815657678
167.45400887929509 -18.014553096970793
165.96178605645537 -17.723310583243777
164.47512212164315 -17.418102530084067
162.99415961173190 -17.099186798654816
161.51902233137264 -16.766829262169594
160.04981531694864 -16.421303218584413
158.58662487912034 -16.062888812596931
157.12951871884422 -15.691872469815998
155.67854611141979 -15.308546345705498
154.23373815289563 -14.913207791639525
152.79510806302164 -14.506158840134816
151.36265153888132 -14.087705711056378
204.38896204785749 -21.790364007769956
202.82772502567354 -21.882339074520210
201.26453949772144 -21.957716497559211
199.69978553693863 -22.016421465719155
198.13384960041481 -22.058395522985325
196.56712297647096 -22.083596769697294
195.00000019496497 -22.092000007629366
193.43287741277618 -22.083596827589716
191.86615078678653 -22.058395638712263
190.30021484686256 -22.016421639164946
188.73546088133901 -21.957716728550917
187.17227534732501 -21.882339362828144
185.61103831778257 -21.790364353108497
184.05212197679521 -21.681882610209787
182.49588917374547 -21.557000837317151
180.94269204627972 -21.415841173554618
179.39287072097784 -21.258540791668501
177.84675209957607 -21.085251453375157
176.30464873744540 -20.896139026223164
174.76685781982849 -20.691382966061042
173.23366024010045 -20.471175769384335
171.70531978308145 -20.235722399960263
170.18208241520165 -19.985239694194672
168.66417568212898 -19.719955749716778
167.15180821333684 -19.440109301614900
165.64516933202481 -19.145949090665088
164.14442876783153 -18.837733227757951
162.64973646889518 -18.515728558553185
161.16122250904493 -18.180210032180529
159.67899708523987 -17.831460077566295
158.20315059982170 -17.469767990701737
156.73375382170445 -17.095429335889307
155.27085812029964 -16.708745363709529
153.81449576574778 -16.310022448151884
152.36468028890749 -15.899571545050183
150.92140689452111 -15.477707673663087
204.49818879613542 -23.240859029802632
202.91897736731880 -23.333896916158121
201.33769273785208 -23.410149230826391
199.75473913753297 -23.469537995426485
198.17052769750774 -23.512002268484267
196.58547477329739 -23.537498363076701
195.00000022658276 -23.546000003814669
193.41452567914121 -23.537498421646902
191.82947275275376 -23.512002385564269
190.24526130910999 -23.469538170895721
188.66230770374602 -23.410149464504514
187.08102306782916 -23.333897207805720
185.50181163118350 -23.240859379122021
183.92506909932877 -23.131130717466075
182.35118109649750 -23.004822390372968
180.78052168562544 -22.862061608898696
179.21345197520100 -22.702991193342381
177.65031882162657 -22.527769093634447
176.09145363443213 -22.336567868656779
174.53717129029906 -22.129574129020032
172.98776916044540 -21.906987948016042
171.44352625450756 -21.669022245590082
169.90470248266229 -21.415902150239312
168.37153803638648 -21.147864343742160
166.84425288697730 -20.865156393563201
165.32304639976383 -20.568036077662725
163.80809706085734 -20.256770706275553
162.29956231231233 -19.931636445015343
160.79757849072780 -19.592917643415237
159.30226086359357 -19.240906172739045
157.81370375710321 -18.875900776596612
156.33198076869303 -18.498206437578112
154.85714505723729 -18.108133762791596
153.38922970361580 -17.705998390851658
151.92824813427399 -17.292120422529596
150.47419460039850 -16.866823876942554
204.60981708199301 -24.691276893773885
203.01224664980475 -24.785400732685893
201.41246986261399 -24.862547154176418
199.81091671732759 -24.922634841605813
198.20802468323984 -24.965600232909736
196.60423688827632 -24.991397756243504
195.00000025890779 -24.999999999999972
193.39576362876551 -24.991397815506634
191.79197583148436 -24.965600351372977
190.18908379354480 -24.922635019143375
188.58753064288862 -24.862547390600209
186.98775384883299 -24.785401027746204
185.39018340831342 -24.691277247160329
183.79524009276975 -24.580274821057721
182.20333376904932 -24.452509617979697
180.61486180658142 -24.308114186585517
179.03020758179184 -24.147237286504648
177.44973908930547 -23.970043370630734
175.87380766797241 -23.776712023590111
174.30274684816766 -23.567437361396188
172.73687132519865 -23.342427397504078
171.17647606204582 -23.101903380607425
169.62183552307192 -22.846099109573711
168.07320303881920 -22.575260230897626
166.53081030057115 -22.289643523969438
164.99486698202782 -21.989516179311924
163.46556048423236 -21.675155074741109
161.94305579881586 -21.346846054160611
160.42749548370489 -21.004883213413510
158.91899974465605 -20.649568197296805
157.41766661536315 -20.281209511499824
155.92357222840712 -19.900121852866018
154.43677116899028 -19.506625461004553
152.95729690320354 -19.101045493901260
151.48516227251230 -18.683711429802045
150.02036004619430 -18.254956497273295
172.48048863227382 -24.777458414243601
170.90366638274850 -24.534325612918696
169.33295560751856 -24.275785780421284
167.76862328129175 -24.002093937972699
166.21091319309710 -23.713516485109327
164.66004557930773 -23.410330427920190
163.11621689170124 -23.092822606378082
161.57959969467390 -22.761288925855894
160.05034268471331 -22.416033597587347
158.52857082440437 -22.057368392464166
157.01438558258599 -21.685611912168913
155.50786527179469 -21.301088881231809
154.00906547381112 -20.904129463179828
152.51801954396501 -20.495068603523535
151.03473918483013 -20.074245401908634
164.31795707732374 -24.830415798491192
162.75942407464368 -24.509705255325070
161.20853642033285 -24.174892033371414
159.66544881781567 -23.826290853418687
158.13029074763142 -23.464223988039514
156.60316677658295 -23.089020489681868
155.08415697093710 -22.701015442618896
153.57331740321047 -22.300549242064427
152.07068074195979 -21.887966903288000
150.57625691402558 -21.463617403097434
157.72343076704078 -24.870046579766949
156.18327111656060 -24.491341903677579
154.65169953626207 -24.099803410821597
153.12877199640218 -23.695782053153884
151.61451981157353 -23.279633212684029
150.10895040203371 -22.851716011396316
151.14872703127810 -24.669953208717292
