#RA2000 	DEC2000
280.03539	47.582588
282.83753	49.124594
286.89311	51.101573
290.1107	52.47402
291.09951	51.53549
292.12817	50.508759
292.56154	50.070975
293.16887	50.349664
294.81915	50.969919
296.37662	51.518164
298.16425	49.385676
300.09054	46.851801
301.84996	44.288686
300.32497	43.762146
298.31654	43.018087
298.66512	42.610324
299.35792	41.616848
300.08706	40.532224
296.81097	39.209289
293.66273	37.794167
291.08781	36.516697
289.47812	38.467338
289.10209	38.897489
287.45206	37.959024
286.20705	37.252936
284.37421	39.194782
282.07344	41.432639
279.60739	43.6173
280.79343	44.340595
282.68588	45.440499
281.09805	46.728592

