40.203729486601901 45.066685124796905
38.321955101189246 45.319191614094173
36.427233016039850 45.553102213091130
34.520352998801911 45.768036737802575
32.602172462487715 45.963639370060896
41.657489914236749 43.372767282626775
39.814313796024294 43.639591067235891
37.958410717084007 43.888410848303010
36.090462623022859 44.118844197953877
34.211214355932157 44.330530238227844
32.321471634433010 44.523131616558153
30.422098352077001 44.696336423611420
28.514013191577249 44.849860028375531
26.598185566021357 44.983446805211891
24.675630912597171 45.096871727986638
22.747405379001179 45.189941807398341
20.814599957095822 45.262497349235737
18.878334132017812 45.314413013513288
16.939749127286120 45.345598657207979
15.000000837023492 45.355999946594210
13.060252544755031 45.345598728861134
11.121667534018513 45.314413156694592
9.1854016989748857 45.262497563696051
7.2525962632058167 45.189942092766081
5.3243707119349324 45.096872083770293
3.4018160371339263 44.983447230803328
1.4859883866297423 44.849860523053920
41.262158129848785 41.948122271225962
39.442978983403236 42.211236519098378
37.611931935603593 42.456531691240571
35.769662701535594 42.683643832568521
33.916873903723513 42.892229896830464
32.054323110758787 43.081969550430699
30.182820281366389 43.252566918923016
28.303224614496571 43.403752254042701
26.416440817545379 43.535283499106342
24.523414816828222 43.646947731055810
22.625128946579423 43.738562458380414
20.722596664636285 43.809976755620731
18.816856854167213 43.861072217126917
16.908967780906494 43.891763715177397
15.000000783978976 43.901999950408907
13.091033785192792 43.891763785693932
11.183144706367671 43.861072358041966
9.2774048866623389 43.809976966699068
7.3748725918670743 43.738562739271075
5.4765867052276462 43.646948081294376
3.5835606846790142 43.535283918117912
1.6967768645721435 43.403752741145489
40.884120586138522 40.522180445516717
39.088076874248486 40.781737346269288
37.280951904965093 41.023655720277482
35.463357004503450 41.247588759859717
33.635955121743336 41.453209935480878
31.799458936419001 41.640214646068756
29.954628447111133 41.808321812912581
28.102268041789387 41.957275397586869
26.243223063392918 42.086845824399497
24.378375893019097 42.196831288336547
22.508641583427391 42.287058930379658
20.634963085422783 42.357385863407288
18.758306118939061 42.407700033644232
16.879653748956230 42.437920904763146
15.000000733464162 42.447999954223611
13.120347716246727 42.437920974197212
11.241695341098250 42.407700172400780
9.3650383660387888 42.357386071263761
7.4913598560985974 42.287059207003985
5.6216255312804719 42.196831633289186
3.7567783424771619 42.086846237136008
1.8977333425524989 41.957275877461285
4.5372912724246817E-002 41.808322359181140
40.521841102237545 39.095058023481222
38.748137556453628 39.351196733251214
36.964075017473021 39.589873297753741
35.170232201527710 39.810756867193057
33.367234768986521 40.013536252118534
31.555753508706971 40.197921436060732
29.736502065923673 40.363645033092553
27.910234217889752 40.510463672988784
26.077740709751083 40.638159296783158
24.239845671624835 40.746540346002433
22.397402646347643 40.835442829704760
20.551290265575631 40.904731254661449
18.702407619604344 40.954299405584131
16.851669373158416 40.984070964186103
15.000000685241616 40.993999958038295
13.148331995720696 40.984071032586805
11.297593744471385 40.954299542279806
9.4487110905246254 40.904731459441244
7.6025986986501266 40.835443102253933
5.7601556592056795 40.746540685904264
3.9222606039260199 40.638159703521303
2.0897670757417472 40.510464145950237
0.26349920487848522 40.363645571571119
41.915842689353099 37.397054970475928
40.173942929028726 37.666859003848536
38.421845326029256 37.919706916903031
36.660053565391195 38.155265117017557
34.889115457497496 38.373217641693550
33.109621602173149 38.573267585522288
31.322203652642031 38.755138488988756
29.527532177836633 38.918575673843861
27.726314128240915 39.063347509658193
25.919289917472668 39.189246596343011
24.107230138998432 39.296090847902221
22.290931944513432 39.383724463469051
20.471215117404540 39.452018772780605
18.648917881124817 39.500872944639326
16.824892488033413 39.530214548578122
15.000000639100790 39.539999961853006
13.175108788674379 39.530214615990012
11.351083391109796 39.500873079362798
9.5287861474019451 39.452018974615576
7.7090693099505074 39.383724732116789
5.8927711022645894 39.296091182967061
4.0807113078020052 39.189246997334493
2.2736870783428458 39.063347975993814
0.47246900745153653 38.918576204852144
334.56154995520706 34.672906003163668
332.92662955930984 34.267704134185671
331.30447957665183 33.849537850492261
41.560798667190113 35.971201107187859
39.839187933335438 36.237676784200950
38.108018346301094 36.487350648278358
36.367768043554179 36.719903503697942
34.618955552476621 36.935033309094720
32.862138489466361 37.132456492526416
31.097911904677517 37.311909228601451
29.326906272422661 37.473148664021124
27.549785133008641 37.615954077841188
25.767242397771156 37.740127962961637
23.979999335174170 37.845497015820200
22.188801261867752 37.931913021999613
20.394413968390666 37.999253626455264
18.597619914575091 38.047422978318458
16.799214234496731 38.076352241708697
15.000000594853930 38.085999965667696
13.200786953818181 38.076352308172346
11.402381269568480 38.047423111150437
9.6055872088252272 37.999253825465445
7.8111999057007893 37.931913286904063
6.0200018200779368 37.845497346242738
4.2327587425595539 37.740128358435811
2.4502159898725608 37.615954537812712
0.67309483056953923 37.473149187850730
341.65645285033145 34.744190500077259
339.98834666454394 34.399000053383041
338.33178946894969 34.039208029488051
336.68696778964750 33.665216344905289
335.05402860216736 33.277433645747259
333.43308052468893 32.876274163265165
331.82419516795966 32.462156627539400
330.22740861583145 32.035503243173444
41.218359239553422 34.544338504414981
39.516458879133495 34.807595534141576
37.805591370342427 35.054202431027115
36.086210452090086 35.283853516268046
34.358806907588075 35.496259795438959
32.623907303957935 35.691150172038455
30.882072417326185 35.868272623645687
29.133895344548421 36.027395328466469
27.379999307649655 36.168307730053463
25.621035162203952 36.290821528208653
23.857678626067241 36.394771584526730
22.090627249987278 36.480016731718273
20.320597156505983 36.546440476755571
18.548319578090116 36.593951589002373
16.774537229442728 36.622484565802189
15.000000552333063 36.631999969482393
13.225463873922990 36.622484631354567
11.451681521381033 36.593951720016435
9.6794039364964419 36.546440673050398
7.9093738340055211 36.480016993023675
6.1423224464208488 36.394771910484593
4.3789658963424927 36.290821918374803
2.6200017345879019 36.168308183899867
0.86610567909355041 36.027395845383829
350.48354199056610 34.807596412549238
348.78164159851667 34.544339439636893
347.08912409868719 34.264753457021534
345.40636659656019 33.969173781751593
343.73370720322475 33.657948668429292
342.07144495762645 33.331438061703977
340.41984000799454 32.990012366142572
338.77911403266535 32.634051242200265
337.14945087890482 32.263942436070060
335.53099739724445 31.880080650210001
333.92386444826650 31.482866460355066
332.32812805865376 31.072705283836548
330.74383070360733 30.650006403074318
40.887469466112407 33.116552214669603
39.204744282047500 33.376691365759434
37.513601001955919 33.620329575273615
35.814470079225885 33.847173881181064
34.107816007596625 34.056947543041019
32.394136104788004 34.249391163242720
30.673959016401454 34.424263771646402
28.947842942034072 34.581343862662351
27.216373589816612 34.720430373850590
25.480161869993708 34.841343595358047
23.739841342597970 34.943925999940994
21.996065438616654 35.028042983949227
20.249504478194865 35.093583510468648
18.500842513237671 35.140460646822575
16.750774025161149 35.168611989800482
15.000000511387441 35.177999973297091
13.249226996398306 35.168612054475318
11.499158504681702 35.140460776085838
9.7504965336779037 35.093583704148024
8.0039355648330002 35.028043241787266
6.2601596500939536 34.943926321596436
4.5198391096585055 34.841343980407437
2.7836273745774065 34.720430821790330
1.0521580049567092 34.581344372911111
359.32604191112353 34.424264343547819
357.60586480129962 34.249391796068380
355.89218487518042 34.056948235993744
354.18553077847247 33.847174633398375
352.48639982900625 33.620330385831387
350.79525652063637 33.376692233675726
349.11253130687004 33.116553138908529
347.43861966211921 32.840221138091415
345.77388141473955 32.548018180121780
344.11864034265579 32.240278958832405
342.47318401943494 31.917349749957570
340.83776389618117 31.579587261310561
339.21259560260796 31.227357504263313
337.59785944909515 30.861034693804992
335.99370111044573 30.481000183604735
334.40023247139771 30.087641441634446
332.81753261369323 29.681351071038009
331.24564892460586 29.262525880080556
40.567170127820646 31.687919477012404
38.903125410929874 31.945033335582615
37.231173069640988 32.185793098390526
35.551721343694339 32.409917790998342
33.865209809575788 32.617142205959084
32.172108210190061 32.807217939950043
30.472915035252186 32.979914395275216
28.768155854896293 33.135019735886715
27.058381412695780 33.272341788148374
25.344165488079796 33.391708876804628
23.626102541931118 33.492970587026811
21.904805162858452 33.575998443988937
20.180901335160343 33.640686502169785
18.455031552739797 33.686951837479626
16.727845806090500 33.714734936352571
15.000000471881208 33.723999977111788
13.272155136534820 33.714735000180667
11.544969386479977 33.686951965053460
9.8190995984018627 33.640686693325023
8.0951957628215041 33.575998698480014
6.3738983736800492 33.492970904528164
4.6558354153241339 33.391709256912165
2.9416194764202146 33.272342230381348
1.2318450179180900 33.135020239689929
359.52708581932245 32.979914960021468
357.82789262428963 32.807218564942950
356.13479100304403 32.617142890436035
354.44827944539702 32.409918534133702
352.76882769435485 32.185793899299028
351.09687532650946 31.945034193322854
349.43283058171102 31.687920390590524
347.77706944100066 31.414748169485094
346.12993494850889 31.125826833065972
344.49173677005001 30.821478222603723
342.86275097851762 30.502035632679618
341.24322005393225 30.167842735991563
339.63335308413207 29.819252525364021
338.03332615063272 29.456626279758584
336.44328288310749 29.080332560341407
334.86333516523729 28.690746241901767
333.29356397432622 28.288247584148099
331.73402033704667 27.873221346649210
330.18472638392535 27.446055950449988
41.894618043459900 29.988411561561716
40.256586265303497 30.258510664306460
38.610765088055928 30.512684305840427
36.957511766659081 30.750648498175025
35.297213354982091 30.972133588527335
33.630285804814434 31.176885245376681
31.957172842491332 31.364665418807402
30.278344622956809 31.535253266316452
28.594296164136551 31.688446035221091
26.905545567699107 31.824059892896415
25.212632035552076 31.941930696311939
23.516113694684634 32.041914692722976
21.816565246142716 32.123889143907071
20.114575456928151 32.187752867012250
18.410744516373711 32.233426685894742
16.705681280973749 32.260853787756034
15.000000433691355 32.269999980926485
13.294319585344283 32.260853850765599
11.589256346755349 32.233426811835265
9.8854254009028182 32.187753055726851
8.1834356043060552 32.123889395161335
6.4838871463323358 32.041915006206018
4.7873687940276568 31.941931071637768
3.0944552484906467 31.824060329605672
1.4057046367718158 31.688446532783050
359.72165616084783 31.535253824131317
358.04282792246340 31.364666036208831
356.36971493962699 31.176885921634543
354.70278736737100 30.972134322850682
353.04248893212417 30.750649289715192
351.38923558577380 30.512685153694310
349.74341438229015 30.258511567519861
348.10538257671919 29.988412519132762
346.47546694347164 29.702685328562467
344.85396330821033 29.401639636103727
343.24113628528755 29.085596389762028
341.63721921065007 28.754886839460525
340.04241425841974 28.409851544952954
338.45689272798552 28.050839403782049
336.88079548739972 27.678206704979761
335.31423355815338 27.292316213537767
333.75728882598673 26.893536289998647
332.21001486225600 26.482240048843373
330.67243784049310 26.058804558689392
41.575608730908073 28.561284571613736
39.954917247766389 28.828390101930186
38.326898001708230 29.079701687786780
36.691890273078343 29.314946419238485
35.050260912246472 29.533865355711903
33.402403462749817 29.736214441475592
31.748737084952154 29.921765395736418
30.089705280646740 30.090306569384420
28.425774421713072 30.241643760396784
26.757432088716314 30.375600980020124
25.085185228171497 30.492021162086168
23.409558140000058 30.590766808179751
21.731090309435729 30.671720561870313
20.050334100207237 30.734785705832497
18.367852328180049 30.779886576412537
16.684215736711565 30.806968891031442
15.000000396706355 30.815999984741179
13.315785055703600 30.806968953248273
11.632148461246743 30.779886700771115
9.9496666842543959 30.734785892182948
8.2689104681066965 30.671720809988628
6.5904426287008846 30.590767117768809
4.9148155298058782 30.492021532776970
3.2425686567038952 30.375601411373378
1.5742263093725342 30.241644251904759
359.91029543439004 30.090307120473039
358.25126361239165 29.921766005767616
356.59759721533283 29.736215109749857
354.94973974508838 29.533866081470979
353.30811036210815 29.314947201668286
351.67310261001961 29.079702526020387
350.04508333928607 28.828390995050967
348.42439183034844 28.561285518658533
346.81133911415287 28.278672043123201
345.20620748563795 27.980848608211780
343.60925020366085 27.668124401679957
342.02069136900263 27.340818818068151
340.44072597053037 26.999260528219541
338.86952008831503 26.643786565427742
337.30721124150580 26.274741433562387
335.75390886804291 25.892476241935526
334.20969492283388 25.497347871073572
332.67462458080814 25.089718172959415
331.14872703127810 24.669953208717292
34.810236712748804 28.095153422613492
33.180976834826367 28.295164335344310
31.546258937884431 28.478546922317729
29.906501425470424 28.645098215287387
28.262143775788275 28.794632077598003
26.613644989029353 28.926979912058261
24.961481873387811 29.041991315537082
23.306147180296989 29.139534673761855
21.648147601770802 29.219497690249753
19.988001644938834 29.281787843862791
18.326237400883770 29.326332770135739
16.663390226656418 29.353080562275430
15.000000360824686 29.361999988555887
13.336610494057481 29.353080623723180
11.673763317027920 29.326332892959414
10.011999068316584 29.281788027919109
8.3518531049952003 29.219497935324501
6.6938535181755583 29.139534979570822
5.0385188150241902 29.041991681727247
3.3863556875993481 28.926980338209194
1.7378568873861013 28.794632563223622
9.3499222636580726E-002 28.645098759837861
358.45374169360667 28.478547525181643
356.81902377857028 28.295164995851021
355.18976388114999 28.095154140035653
353.56635794707330 27.878734003232378
351.94917825601505 27.646138914637639
350.33857239176189 27.397617661429628
348.73486239159337 27.133432638162976
347.13834407354875 26.853858978409281
345.54928653818962 26.559183675594873
343.96793183959630 26.249704699722034
342.39449481867899 25.925730116321603
340.82916309045902 25.587577213586123
339.27209717578990 25.235571643183746
337.72343076704078 24.870046579766949
336.18327111656060 24.491341903677579
334.65169953626202 24.099803410821590
333.12877199640218 23.695782053153884
331.61451981157353 23.279633212684029
330.10895040203371 22.851716011396316
32.965468135514243 26.853766612041724
31.349241299490814 27.035036631726008
29.728278817854516 27.199650112137476
28.102994889112324 27.347428538857407
26.473821712876429 27.478210293742812
24.841207893777209 27.591851259691214
23.205616711222319 27.688225369638150
21.567524266651844 27.767225094352312
19.927417521840709 27.828761864102312
18.285792243529784 27.872766419864252
16.643150871185867 27.899189090411802
15.000000325953351 27.907999992370577
13.356849779843117 27.899189151112083
11.714208404870021 27.872766541196118
10.072583122190053 27.828762045928634
8.4324763712892263 27.767225336468098
6.7943839189351820 27.688225671771374
5.1587927269367242 27.591851621503867
3.5261788967746952 27.478210714832262
1.8970057079043272 27.347429018757992
0.27172176500954492 27.199650650322230
358.65075926776183 27.035037227608694
357.03453241473289 26.853767264979009
355.42343595108952 26.656035518392017
353.81784386759733 26.442052286977990
352.21810825633202 26.212042677260214
350.62455832638460 25.966245836540889
349.03749958079362 25.704914161998200
347.45721315397975 25.428312491981938
345.88395530713211 25.136717285852523
344.31795707732368 24.830415798491192
342.75942407464368 24.509705255325070
341.20853642033285 24.174892033371414
339.66544881781567 23.826290853418687
338.13029074763136 23.464223988039514
336.60316677658295 23.089020489681868
335.08415697093704 22.701015442618889
333.57331740321052 22.300549242064427
332.07068074195979 21.887966903288000
330.57625691402558 21.463617403097434
32.755382149386037 25.412050433990292
31.157226727375473 25.591259022127289
29.554619716679213 25.753982400868853
27.947951525408939 25.900049272496076
26.337629188308881 26.029304620827357
24.724074878754777 26.141610270507506
23.107724301164581 26.236845394268016
21.489024974364952 26.314906963282816
19.868434418098559 26.375710136207083
18.246418256344782 26.419188583024955
16.623448252432411 26.445294740437490
15.000000292007144 26.453999996185281
13.376552330758045 26.445294800410132
11.753582324377646 26.419188702904453
10.131566158522332 26.375710315862143
8.5109755965386853 26.314907202517141
6.8922762624306415 26.236845692821046
5.2759256759719619 26.141610628055435
3.6623713560271653 26.029305036984358
2.0520490070576898 25.900049746815746
0.44538080248878487 25.753982932845869
358.84277377711953 25.591259611199259
357.24461833912130 25.412051079539733
355.65128691041912 25.216544311011148
354.06313270242930 25.004941306964856
352.48048863227382 24.777458414243604
350.90366638274850 24.534325612918696
349.33295560751850 24.275785780421284
347.76862328129170 24.002093937972699
346.21091319309716 23.713516485109327
344.66004557930773 23.410330427920190
343.11621689170119 23.092822606378082
341.57959969467385 22.761288925855894
340.05034268471331 22.416033597587347
338.52857082440437 22.057368392464166
337.01438558258599 21.685611912168913
335.50786527179463 21.301088881231809
334.00906547381112 20.904129463179828
332.51801954396501 20.495068603523535
331.03473918483013 20.074245401908634
32.550261338753842 23.970042732302925
30.969792861302153 24.147236704087312
29.385138650307510 24.308113660671594
27.796666700339642 24.452509149109002
26.204760387773547 24.580274409715074
24.609817081992958 24.691276893773885
23.012246649804752 24.785400732685893
21.412469862613989 24.862547154176418
19.810916717327586 24.922634841605813
18.208024683239842 24.965600232909736
16.604236888276318 24.991397756243504
15.000000258907733 24.999999999999972
13.395763628765508 24.991397815506634
11.791975831484365 24.965600351372977
10.189083793544739 24.922635019143375
8.5875306428886233 24.862547390600209
6.9877538488329947 24.785401027746204
5.3901834083134190 24.691277247160336
3.7952400927697454 24.580274821057721
2.2033337690493227 24.452509617979697
0.61486180658147305 24.308114186585517
359.03020758179184 24.147237286504648
357.44973908930541 23.970043370630734
355.87380766797241 23.776712023590111
354.30274684816760 23.567437361396188
352.73687132519865 23.342427397504078
351.17647606204582 23.101903380607425
349.62183552307198 22.846099109573711
348.07320303881920 22.575260230897626
346.53081030057109 22.289643523969435
344.99486698202782 21.989516179311924
343.46556048423230 21.675155074741109
341.94305579881586 21.346846054160608
340.42749548370489 21.004883213413510
338.91899974465599 20.649568197296805
337.41766661536309 20.281209511499824
335.92357222840718 19.900121852866018
334.43677116899033 19.506625461004553
332.95729690320354 19.101045493901260
331.48516227251230 18.683711429802045
330.02036004619430 18.254956497273295
32.349681547165801 22.527768462376297
30.786548407732653 22.702990617436967
29.219478710280441 22.862061088915620
27.648819311160594 23.004821926830580
26.074931318814379 23.131130310829771
24.498188796135423 23.240859029802632
22.918977367318803 23.333896916158121
21.337692737852080 23.410149230826391
19.754739137533022 23.469537995426485
18.170527697507737 23.512002268484267
16.585474773297392 23.537498363076701
15.000000226582756 23.546000003814669
13.414525679141263 23.537498421646902
11.829472752753759 23.512002385564269
10.245261309109992 23.469538170895721
8.6623077037460234 23.410149464504514
7.0810230678291646 23.333897207805720
5.5018116311835001 23.240859379122021
3.9250690993288231 23.131130717466075
2.3511810964975552 23.004822390372968
0.78052168562550150 22.862061608898696
359.21345197520100 22.702991193342381
357.65031882162657 22.527769093634447
356.09145363443213 22.336567868656779
354.53717129029906 22.129574129020032
352.98776916044540 21.906987948016042
351.44352625450762 21.669022245590082
349.90470248266229 21.415902150239312
348.37153803638648 21.147864343742160
346.84425288697724 20.865156393563197
345.32304639976383 20.568036077662725
343.80809706085728 20.256770706275553
342.29956231231233 19.931636445015343
340.79757849072774 19.592917643415237
339.30226086359352 19.240906172739045
337.81370375710321 18.875900776596612
336.33198076869309 18.498206437578112
334.85714505723735 18.108133762791596
333.38922970361580 17.705998390851658
331.92824813427399 17.292120422529596
330.47419460039850 16.866823876942551
32.153248211026835 21.085250829048022
30.607129602927614 21.258540222144759
29.057308289826210 21.415840659381661
27.504111173411331 21.557000378992935
25.947878380219322 21.681882208181218
24.388962047857433 21.790364007769956
22.827725025673487 21.882339074520210
21.264539497721444 21.957716497559211
19.699785536938634 22.016421465719155
18.133849600414806 22.058395522985325
16.567122976470955 22.083596769697294
15.000000194964969 22.092000007629366
13.432877412776122 22.083596827589716
11.866150786786534 22.058395638712263
10.300214846862502 22.016421639164946
8.7354608813390087 21.957716728550917
7.1722753473250123 21.882339362828141
5.6110383177825724 21.790364353108490
4.0521219767952061 21.681882610209787
2.4958891737454678 21.557000837317151
0.94269204627971703 21.415841173554618
359.39287072097784 21.258540791668501
357.84675209957607 21.085251453375157
356.30464873744540 20.896139026223164
354.76685781982849 20.691382966061042
353.23366024010045 20.471175769384335
351.70531978308139 20.235722399960263
350.18208241520165 19.985239694194675
348.66417568212904 19.719955749716778
347.15180821333684 19.440109301614900
345.64516933202481 19.145949090665088
344.14442876783153 18.837733227757951
342.64973646889518 18.515728558553185
341.16122250904493 18.180210032180529
339.67899708523987 17.831460077566295
338.20315059982170 17.469767990701737
336.73375382170445 17.095429335889300
335.27085812029964 16.708745363709529
333.81449576574778 16.310022448151884
332.36468028890755 15.899571545050183
330.92140689452106 15.477707673663085
31.960593005497230 19.642511485769333
30.431197084673329 19.813903667014859
28.898318201847985 19.969467261999252
27.362264404576877 20.109056406783864
25.823356029467561 20.232539307175362
24.281924565636473 20.339798651242528
22.738311441430938 20.430731982287799
21.192866741538467 20.505252029068131
19.645947862533376 20.563286990380188
18.097918115748882 20.604780771488521
16.549145287087697 20.629693170277637
15.000000163992013 20.638000011444070
13.450855040254680 20.629693227506099
11.902082209670994 20.604780885889870
10.354052459690934 20.563287161843483
8.8071335762302283 20.505252257427408
7.2616888706398299 20.430732267322643
5.7180757395170190 20.339798992678791
4.1766442675768189 20.232539704686058
2.6377358831985021 20.109056859990250
1.1016820755349954 19.969467770472026
359.56880318123433 19.813904230275501
358.03940724789618 19.642512103291629
356.51378898038632 19.455450874575305
354.99222877508186 19.252893169399151
353.47499184603942 19.035024243819439
351.96232744598916 18.802041450750767
350.45446818397460 18.554153685615979
348.95162944040726 18.291580815657678
347.45400887929509 18.014553096970793
345.96178605645537 17.723310583243777
344.47512212164321 17.418102530084067
342.99415961173185 17.099186798654816
341.51902233137270 16.766829262169594
340.04981531694864 16.421303218584413
338.58662487912039 16.062888812596931
337.12951871884428 15.691872469815994
335.67854611141985 15.308546345705498
334.23373815289563 14.913207791639525
332.79510806302170 14.506158840134816
331.36265153888132 14.087705711056374
31.771370862234903 18.199570711551196
30.258433113593981 18.369097939430606
28.742219121307699 18.522954826786854
27.223019104145578 18.661001139097969
25.701134715930380 18.783110212393730
24.176877980204097 18.889169336187038
22.650570155985065 18.979080099458990
21.122540541082401 19.052758696802030
19.593125220241348 19.110136192118006
18.062665766123473 19.151158737598763
16.531507901755276 19.175787746080825
15.000000133605681 19.184000015258764
13.468492364852978 19.175787802657879
11.937334498677956 19.151158850699545
10.406875041556589 19.110136361636034
8.8774597165274258 19.052758922577997
7.3494300962686339 18.979080381281296
5.8231222655466581 18.889169673792438
4.2988655221961380 18.783110605468210
2.7769811252652516 18.661001587277688
1.2577810983297582 18.522955329659279
359.74156709524999 18.369098496535784
358.22862933483674 18.199571322383129
356.71924561001890 18.014527195500076
355.21368037618845 17.814132210833861
353.71218392244793 17.598564695879638
352.21499162852962 17.368014713288453
350.72232330919763 17.122683543890474
349.23438264701514 16.862783153867067
347.75135671345890 16.588535649790781
346.27341557751595 16.300172725197051
344.80071200010752 15.997935102260016
343.33338121196522 15.682071972019951
341.87154077193821 15.352840436455766
340.41529050214768 15.010504955516819
338.96471249592156 14.655336802028133
337.51987119404845 14.287613527166384
336.08081352457702 13.907618438974819
334.64756910115693 13.515640096147653
333.22015047476657 13.111971819072281
331.79855343359611 12.696911219874337
330.38275734584528 12.270759752969452
31.585257305959885 16.756447568870986
30.088539093979136 16.924138998870699
28.588739305352874 17.076316434274528
27.086131287278704 17.212845021435033
25.580999041336213 17.333602996797882
24.073636223878907 17.438482042556352
22.564345084478589 17.527387607781971
21.053435348293533 17.600239192412584
19.541223048938946 17.656970591746507
18.028029319073710 17.697530099391930
16.514179146465153 17.721880666951080
15.000000103751347 17.730000019073465
13.485821060470755 17.721880722888127
11.971970886163888 17.697530211214829
10.458777153475637 17.656970759353019
8.9465648501843589 17.600239415649764
7.4356551089643972 17.527387886446601
5.9263639634506262 17.438482376395619
4.4190011388251378 17.333603385510102
2.9138688846873038 17.212845464670604
1.4112608574222918 17.076316931636942
359.91146105864465 16.924139549917726
358.41474283559023 16.756448173115956
356.92136794856577 16.573390357600815
355.43158570975993 16.375125946548525
353.94563219688865 16.161826628548226
352.46372954430024 15.933675474081369
350.98608531332479 15.690866453255673
349.51289194282469 15.433603938207236
348.04432628010380 15.162102193579534
346.58054919157502 14.876584858447039
345.12170525187571 14.577284422976952
343.66792250946958 14.264441703018200
342.21931232618510 13.938305315675608
340.77596928762370 13.599131158772348
339.33797118092264 13.247181896929758
337.90537903598624 12.882726456803066
336.47823722599793 12.506039533809414
335.05657362280033 12.117401112473152
333.64039980257087 11.717096002297041
332.22971129712988 11.305413390849507
330.82448788618802 10.882646415539941
32.879514137886019 15.132060830901947
31.401946064595961 15.313160045255291
29.921233351459819 15.479041896519494
28.437622551482889 15.629564414348195
26.951371035720626 15.764597895420671
25.462746114812489 15.884025263594959
23.972024100104136 15.987742400380073
22.479489309025666 16.075658443143876
20.985433020061635 16.147696048685869
19.490152383264160 16.203791620048843
17.993949292816637 16.243895494716391
16.497129228633185 16.267972092643525
15.000000074377681 16.276000022888155
13.502870919589441 16.267972147950861
12.006050853809825 16.243895605281892
10.509847760708965 16.203791785774335
9.0145671202112680 16.147696269424465
7.5205108265145668 16.075658718700360
6.0279760296892277 15.987742730511586
4.5372540082419164 15.884025648011622
3.0486290796285402 15.764598333786470
1.5623775552241455 15.629564906281955
7.8766745700761476E-002 15.479042441595929
358.59805402214977 15.313160643006249
357.12048593761506 15.132061480817654
355.64629741299831 14.935898805290110
354.17571099056488 14.724837935554312
352.70893615753300 14.499055227528384
351.24616874148489 14.258737623921629
349.78759037860436 14.004082189448301
348.33336805503194 13.735295634377028
346.88365372095387 13.452593829512608
345.43858397639991 13.156201315647150
343.99827982713737 12.846350810430957
342.56284650851592 12.523282715501853
341.13237337463875 12.187244626578622
339.70693384982565 11.838490849072652
338.28658543898177 11.477281921605144
336.87136979320098 11.103884149638613
335.46131282671075 10.718569151244004
334.05642488110414 10.321613416831475
32.683087587401531 13.690559941819227
31.221146914191081 13.869725180865066
29.756249130998356 14.033820882957317
28.288626359796979 14.182710435172480
26.818520834877575 14.316269070293997
25.346184074609482 14.434384201818425
23.871875998736414 14.536955731150016
22.395863995469540 14.623896324639810
20.918421943226349 14.695131658321305
19.439829192403181 14.750600628417896
17.960369513056435 14.790255525946870
16.480330014782623 14.814062174016364
15.000000045436195 14.822000026702856
13.519670075589033 14.814062228703238
12.039630575815181 14.790255635273391
10.560170893974885 14.750600792289770
9.0815781396742068 14.695131876597410
7.6041360829828477 14.623896597132639
6.1281240743144281 14.536956057626178
4.6538159921067859 14.434384581999344
3.1814792245953072 14.316269503856670
1.7113736915511026 14.182710921750397
0.24375091137392246 14.033821422141457
358.77885311838793 13.869725772205014
357.31691243460284 13.690560584824361
355.85815009958378 13.496473958282882
354.40277576142546 13.287625093298219
352.95098683117237 13.064183890146065
351.50296790236280 12.826330528692074
350.05889023672751 12.574255034190079
348.61891131643506 12.308156831714346
347.18317446267309 12.028244292073897
345.75180851977836 11.734734272010146
344.32492760359810 11.427851651407339
342.90263091227905 11.107828870150927
341.48500259724426 10.774905467154609
340.07211169173644 10.429327623945367
338.66401209398043 10.071347715049813
32.489054671990800 12.248906087433857
31.042583725169720 12.426159184085597
29.593332783735889 12.588489505638588
28.141520270127955 12.735765583615541
26.687374070380145 12.867867387516332
25.231130752568902 12.984686636528192
23.773034736121929 13.086127085178317
22.313337415882927 13.172104780800584
20.852296245338493 13.242548290868422
19.390173783888656 13.297398898450044
17.927236713464424 13.336610764269709
16.463754830164021 13.360151054105421
15.000000016880847 13.368000030517553
13.536245203127237 13.360151108180103
12.072763318417401 13.336610872373710
10.609826245650083 13.297399060492776
9.1477037809325452 13.242548506714297
7.6866626062082446 13.172105050269433
6.2269652808930687 13.086127408045856
4.7688692584928845 12.984687012526654
3.3126259338739601 12.867867816335183
1.8584797264894632 12.735766064902343
0.40666720444431803 12.588490038999897
358.95741625380413 12.426159769088043
357.51094529704142 12.248906723605204
356.06746256396622 12.056873473482058
354.62716541791974 11.850213335287506
353.19023973942797 11.629089995512576
351.75685936892904 11.393677118567986
350.32718560960814 11.144157941112583
348.90136679080933 10.880724855344639
347.47953789194901 10.603578983876224
346.06182022634300 10.312929748774861
344.64832118387528 10.008994437297766
32.297130631479376 10.807117478804825
30.865992680916293 10.982477536855876
29.432242115464362 11.143060697635205
27.996084348811280 11.288740438406185
26.557733661076384 11.419401279497427
25.117412460684591 11.534939074409847
23.675350501886726 11.635261275512208
22.231784061481108 11.720287173391363
20.786955078741300 11.789948108089044
19.341110262972393 11.844187650644310
17.894500173488439 11.882961753567731
16.447378277125608 11.906238869098166
14.999999988667923 11.914000034332251
13.552621699768395 11.906238922567987
12.105499802081454 11.882961860463793
10.658889710396409 11.844187810879577
9.2130448915576721 11.789948321533242
7.7682159048909512 11.720287439871347
6.3246494597161700 11.635261594812423
4.8825874953249695 11.534939446272888
3.4422662885365867 11.419401703624734
2.0039155936258339 11.288740914458815
0.56775781904434552 11.143061225234696
359.13400724494056 10.982478115585218
357.70286928503413 10.807118108209485
356.27453979591593 10.617118456430440
354.84920443634729 10.412626811610998
353.42703807861602 10.193800872715773
41.935580400209687 7.7534629787850591
32.107042055609611 9.3652115967313847
30.691120643384579 9.5386950912490605
29.272744872990984 9.6975468589312968
27.852107803118429 9.8416451370926961
26.429410808420187 9.9708788233045578
25.004862881818440 10.085147745449820
23.578679896759184 10.184362908911838
22.151083832659879 10.268446719138556
20.722301967191129 10.337333177976271
19.292566039399730 10.390968052338337
17.862111388003768 10.429309013963415
16.431176069475612 10.452325749221929
14.999999960755588 10.460000038146950
13.568823851620607 10.452325802093323
12.137888531848944 10.429309119664337
10.707433878385814 10.390968210785157
9.2776979477112036 10.337333389043801
7.8489160785543390 10.268446982660407
6.4213200099757159 10.184363224680824
4.9951370196628204 10.085148113218501
3.5705890870528378 9.9708792427858643
2.1478920856139894 9.8416456079606611
0.72725500829369594 9.6975473808218524
41.646281869272912 6.3280913506713263
40.265914334268246 6.5970376671821978
38.882238315204063 6.8525804370918841
37.495365481698627 7.0945389172206141
36.105418751535979 7.3227404487658960
34.712531933880143 7.5370208060473782
33.316849326626198 7.7372245373586699
31.918525268073267 7.9232052958826138
30.517723643493298 8.0948261586314167
29.114617347570970 8.2519599313970016
27.709387704098276 8.3944894377403383
26.302223844715115 8.5223077901118334
24.893322048890354 8.6353186412781220
23.482885047727564 8.7334364143335801
22.071121294555837 8.8165865096967977
20.658244205614039 8.8847054876324396
19.244471374459408 8.9377412249960848
17.830023764017085 8.9756530450718994
16.415124880434007 8.9984118195592711
14.999999933103652 9.0060000419616451
13.584874985383692 8.9984118718378170
12.169976100633164 8.9756531495887639
10.755528488250036 8.9377413816709055
9.3417556543885212 8.8847056963449269
7.9288785619839359 8.8165867702870386
6.5171148046065923 8.7334367266024433
5.1066777985111003 8.6353190049877337
3.6977759970449142 8.5223082049861887
2.2906121313326935 8.3944899034659493
0.88538248086661042 8.2519604476236612
41.358575612990364 4.9025605806192241
39.991992023613420 5.1687958168813291
38.622304295782328 5.4217323912667581
37.249616897254100 5.6611959416249347
35.874044938802115 5.8870199756114872
34.495713824531094 6.0990461970837133
33.114758860405004 6.2971248248283045
31.731324821220596 6.4811149017394554
30.345565476606566 6.6508845925742763
28.957643076987608 6.8063114684379942
27.567727800816954 6.9472827761943146
26.175997164741204 7.0736956910573152
24.782635398720345 7.1854575506996925
23.387832788469950 7.2824860693082289
21.991784987925030 7.3647095301302334
20.594692304730017 7.4320669551837142
19.196758962046999 7.4845082509479974
17.798192340220908 7.5219943290088631
16.399202202060735 7.5444972008017945
14.999999905673292 7.5520000457763450
13.600797608920175 7.5444972524922349
12.201807469664459 7.5219944323510868
10.803240846016877 7.4845084058647942
9.4053075007934694 7.4320671615594929
8.0082148143486620 7.3647097878113259
6.6121670098565914 7.2824863781032425
5.2173643949767552 7.1854579103799647
3.8240026236611584 7.0736961013574806
2.4322719816452718 6.9472832368129120
1.0423566989110213 6.8063119790381696
41.072095032876859 3.4769073208913368
39.719302566141891 3.7404369950245924
38.363599853067399 3.9907739468555254
37.005084441642111 4.2277500081546373
35.643863958918189 4.4512046666289633
34.280055768603347 4.6609853713535561
32.913786590602683 4.8569478307765328
31.545192082775543 5.0389563015646806
30.174416385485074 5.2068838665681643
28.801611629838135 5.3606127002095434
27.426937410837581 5.5000343196447883
26.050560226990967 5.6250498201019825
24.672652888235291 5.7355700928776017
23.293393894344945 5.8315160245596767
21.912966786281117 5.9128186761515211
20.531559473213065 5.9794194408886296
19.149363538191210 6.0312701796730108
17.766573525672754 6.0683333331931832
16.383386214292614 6.0905820099524322
14.999999878426934 6.0980000495910440
13.616613542218261 6.0905820610587007
12.233426229810334 6.0683334353685794
10.850636215583165 6.0312703328433548
9.4684402781781500 5.9794196449428627
8.0870329620614712 5.9128189309419756
6.7066058502948636 5.8315163299024091
5.3273468520615666 5.7355704485528385
3.9494395083389691 5.6250502258546016
2.5730623189199378 5.5000347751849299
1.1983880937622189 5.3606132052132338
40.786479550760077 2.0511676127132934
39.447500722596033 2.3119939634106328
38.105795572589102 2.5597346860175394
36.761455010134569 2.7942276291469375
35.414579497525779 3.0153180843297216
34.065278714932219 3.2228590717781933
32.713671190756145 3.4167116189761764
31.359883897655266 3.5967450304997435
30.004051814797037 3.7628371474861853
28.646317457197767 3.9148745951963306
27.286830373287614 4.0527530171568475
25.925746612130183 4.1763772944244559
24.563228162004805 4.2856617485838369
23.199442362331297 4.3805303271742604
21.834561291176328 4.4609167703366195
20.468761130819246 4.5267647575818319
19.102221514074586 4.5780280337023767
17.735124854266473 4.6146705129802390
16.367655661914114 4.6366663609851679
14.999999851327971 4.6440000534057440
13.632344040420151 4.6366664115104159
12.264874847104068 4.6146706139950613
10.897778185693767 4.5780281851355067
9.5312385667144781 4.5267649593265737
8.1654384034987970 4.4609170222510892
6.8005573288720598 4.3805306290817114
5.4367715251264030 4.2856621002730444
4.0742530703439002 4.1763776956502037
2.7131693039618199 4.0527534676404500
1.3536822142788196 3.9148750946262632
41.823872889904749 0.35444105989451402
40.501372815951868 0.62537706833145468
39.176245620266400 0.88349906380556775
37.848566496763624 1.1286437857854552
36.518419996809712 1.3606549318727823
35.185899733164604 1.5793834305499503
33.851108052402424 1.7846877084893273
32.514155675861048 1.9764339509502711
31.175161309418229 2.1544963537939790
29.834251222644014 2.3187573656615217
28.491558798132928 2.4691079188883540
27.147224052080219 2.6054476477688087
25.801393127418237 2.7276850928369161
24.454217761079633 2.8357378898953800
23.105854727195492 2.9295329426021155
21.756465258263290 3.0090065775130581
20.406214446532431 3.0741046805806169
19.055270628049698 3.1247828142177934
17.703804751977941 3.1610063141581644
16.351989737950134 3.1827503654703451
14.999999824340478 3.1900000572204390
13.648009910429437 3.1827504154169559
12.296194895498331 3.1610064140171250
10.944729017925056 3.1247829639206484
9.5937851973480974 3.0741048800248825
8.2435343829382077 3.0090068265624281
6.8941449107523454 2.9295332410867791
5.5457818730520785 2.8357382376123783
4.1986065023492074 2.7276854895505775
2.8527755727912449 2.6054480932112689
1.5084408213292591 2.4691084127600984
0.16574839091560989 2.3187579076320222
41.525186592043497 -1.0685524520809191
40.216420955463605 -0.80042895139383308
38.905199066061073 -0.54501561974946344
37.591590504375120 -0.30246983459605764
36.275673744087328 -7.2942208721459553E-002
34.957535860555538 0.14342366502611539
33.637272210693936 0.34649146373126566
32.314986084278075 0.53613237775841660
30.990788326975917 0.71222534609871335
29.664796935631557 0.87465728237962370
28.337136626556287 1.0233232902279110
27.007938377813161 1.1581268667156768
25.677338946705845 1.2789800926693629
24.345480363906574 1.3858038086829814
23.012509405869423 1.4785277757490416
21.678577047378838 1.5570908195032584
20.343837896269292 1.6214409571716457
19.008449612525283 1.6715355064101449
17.672572314121396 1.7073411753367271
16.336367972092148 1.7288341331729757
14.999999797429268 1.7360000610351369
13.663631622483933 1.7288341825425770
12.327427279608628 1.7073412740430274
10.991549979798265 1.6715356543874127
9.6561616940925887 1.6214411543214533
8.3214225404736339 1.5570910656946919
6.9874901789354453 1.4785280708189872
5.6545192173240366 1.3858041524364597
4.3226606304373263 1.2789804848799426
2.9920611947447355 1.1581273071259337
1.6628629409358950 1.0233237785499598
0.33520262633345510 0.87465781829569689
33.423501293132460 -1.0917096056714073
32.115910191782575 -0.90417567047725056
30.806530723036531 -0.73005303129589882
29.495473034822851 -0.56945044446283444
28.182853627691088 -0.42246876353961071
26.868794917597711 -0.28920074970124615
25.553424776305519 -0.16973089445981587
24.236876050705916 -6.4135255783119738E-002
22.919286062562662 2.7518691399948402E-002
21.600796090354777 0.10517218939189801
20.281550835061523 0.16877531578675112
18.961697871885917 0.21828708466068486
17.641387090044816 0.25367553025636286
16.320770122870215 0.27491777263094919
14.999999770559384 0.28200006484983414
13.679229417984175 0.27491782142442112
12.358612450017461 0.25367562781171887
11.038301666859581 0.21828723091481972
9.7184487018474783 0.16877551064515467
8.3992034442049999 0.10517243272887473
7.0807134691441433 2.7518983058857870E-002
5.7631234776550855 -6.4134915989543267E-002
4.4465747482294091 -0.16973050674907275
3.1312046026454823 -0.28920031432065013
1.8171458878110798 -0.42246828076580140
0.50452647550685015 -0.56944991460121741
18.914955167817993 -1.2349614823970005
17.610208872836665 -1.1999901899564940
16.305176072351685 -1.1789986082803092
14.999999743696208 -1.1719999313354703
13.694823414793404 -1.1789985600628297
12.389790613567243 -1.1999900935518535
11.085044317353777 -1.2349613378657638
