6
7
8
9
10
11
20
21
22
23
24
25
39
40
41
42
43
44
45
46
47
48
49
50
61
62
63
64
65
70
71
72
73
74
75
80
81
82
83
84
85
91
92
93
94
95
96
112
113
114
115
116
117
129
130
131
132
133
134
135
136
142
143
144
145
146
147
148
149
157
158
159
160
169
170
171
172
194
195
196
197
234
235
236
237
244
245
246
247
248
249
259
260
261
262
263
264
288
289
290
291
292
293
294
295
296
297
298
305
306
307
308
309
310
311
312
313
314
315
316
317
318
319
346
347
348
349
350
351
352
353
354
355
356
357
358
359
375
376
377
378
379
380
383
384
385
386
387
388
397
398
399
400
401
402
412
413
414
415
416
417
429
430
431
432
433
434
435
436
437
438
439
440
441
442
443
444
445
446
447
448
449
450
451
465
466
467
468
469
470
490
491
492
493
494
495
496
497
506
507
508
509
510
511
512
513
521
522
523
524
538
539
540
541
560
561
562
563
592
593
594
595
614
615
616
617
618
619
627
628
629
630
631
632
640
641
642
643
644
655
656
657
658
659
660
675
676
677
678
679
680
681
688
689
690
691
692
693
694
695
702
703
704
705
706
709
710
711
712
713
721
722
723
724
731
732
733
734
741
742
743
744
754
755
756
757
769
770
771
772
775
776
777
778
783
784
785
786
793
794
795
796
797
798
799
800
807
808
809
810
811
812
813
814
815
821
822
823
824
825
826
844
845
846
847
848
849
854
855
856
857
858
859
860
861
866
867
868
869
870
871
872
873
888
889
890
891
892
893
894
895
917
918
937
938
939
952
953
957
958
976
977
978
979
980
981
985
986
987
988
989
990
1004
1005
1006
1007
1012
1013
1014
1015
1018
1019
1020
1042
1043
1044
1045
1046
1049
1050
1051
1052
1053
1057
1058
1059
1060
1061
1065
1066
1067
1068
1072
1073
1074
1075
1076
1080
1081
1082
1083
1084
1100
1101
1102
1103
1104
1105
1106
1107
1108
1109
1110
1111
1134
1135
1136
1137
1138
1139
1149
1150
1151
1152
1153
1154
1160
1161
1162
1163
1164
1170
1171
1172
1173
1174
1175
1180
1181
1182
1183
1184
1185
1186
1187
1188
1189
1194
1195
1196
1197
1203
1204
1205
1206
1225
1226
1227
1228
1229
1230
1231
1232
1233
1234
1235
1236
1237
1238
1239
1240
1251
1252
1260
1261
1262
1268
1269
1270
1277
1278
1304
1305
1308
1309
1310
1311
1341
1342
1343
1344
1348
1349
1350
1351
1359
1360
1361
1362
1372
1373
1374
1375
1376
1377
1378
1379
1380
1381
1382
1402
1403
1404
1405
1406
1410
1411
1412
1413
1414
1424
1425
1426
1427
1428
1429
1430
1431
1432
1433
1434
1440
1441
1442
1443
1444
1451
1452
1453
1454
1455
1470
1471
1472
1473
1474
1475
1476
1477
1478
1479
1480
1481
1494
1495
1496
1497
1502
1503
1504
1505
1510
1511
1512
1513
1524
1525
1526
1527
1528
1535
1536
1537
1538
1539
1540
1544
1545
1546
1547
1548
1549
1554
1555
1556
1557
1558
1559
1560
1561
1562
1563
1564
1565
1587
1588
1589
1590
1591
1592
1593
1594
1595
1596
1597
1598
1599
1600
1601
1602
1614
1615
1616
1617
1618
1619
1620
1621
1648
1649
1650
1651
1675
1685
1692
1693
1704
1705
1706
1707
1713
1714
1715
1716
1721
1722
1723
1724
1735
1736
1737
1738
1745
1746
1747
1748
1758
1759
1760
1761
1767
1768
1769
1770
1771
1772
1773
1783
1784
1785
1786
1787
1788
1789
1790
1796
1797
1798
1799
1801
1802
1803
1804
1805
1809
1810
1811
1812
1813
1836
1837
1838
1839
1840
1841
1850
1851
1852
1853
1854
1855
1869
1870
1871
1872
1873
1874
1875
1876
1877
1878
1879
1880
1891
1892
1893
1894
1895
1900
1901
1902
1903
1904
1905
1910
1911
1912
1913
1914
1915
1921
1922
1923
1924
1925
1926
1942
1943
1944
1945
1946
1947
1959
1960
1961
1962
1963
1964
1965
1966
1972
1973
1974
1975
1976
1977
1978
1979
1987
1988
1989
1990
1999
2000
2001
2002
2024
2025
2026
2027
2064
2065
2066
2067
2074
2075
2076
2077
2078
2079
2089
2090
2091
2092
2093
2094
2118
2119
2120
2121
2122
2123
2124
2125
2126
2127
2128
2135
2136
2137
2138
2139
2140
2141
2142
2143
2144
2145
2146
2147
2148
2149
2176
2177
2178
2179
2180
2181
2182
2183
2184
2185
2186
2187
2188
2189
2205
2206
2207
2208
2209
2210
2213
2214
2215
2216
2217
2218
2227
2228
2229
2230
2231
2232
2242
2243
2244
2245
2246
2247
2259
2260
2261
2262
2263
2264
2265
2266
2267
2268
2269
2270
2271
2272
2273
2274
2275
2276
2277
2278
2279
2280
2281
2295
2296
2297
2298
2299
2300
2320
2321
2322
2323
2324
2325
2326
2327
2336
2337
2338
2339
2340
2341
2342
2343
2351
2352
2353
2354
2368
2369
2370
2371
2390
2391
2392
2393
2422
2423
2424
2425
2444
2445
2446
2447
2448
2449
2457
2458
2459
2460
2461
2462
2470
2471
2472
2473
2474
2485
2486
2487
2488
2489
2490
2505
2506
2507
2508
2509
2510
2511
2518
2519
2520
2521
2522
2523
2524
2525
2532
2533
2534
2535
2536
2539
2540
2541
2542
2543
2551
2552
2553
2554
2561
2562
2563
2564
2571
2572
2573
2574
2584
2585
2586
2587
2599
2600
2601
2602
2605
2606
2607
2608
2613
2614
2615
2616
2623
2624
2625
2626
2627
2628
2629
2630
2637
2638
2639
2640
2641
2642
2643
2644
2645
2651
2652
2653
2654
2655
2656
2674
2675
2676
2677
2678
2679
2684
2685
2686
2687
2688
2689
2690
2691
2696
2697
2698
2699
2700
2701
2702
2703
2718
2719
2720
2721
2722
2723
2724
2725
2747
2748
2767
2768
2769
2782
2783
2787
2788
2806
2807
2808
2809
2810
2811
2815
2816
2817
2818
2819
2820
2834
2835
2836
2837
2842
2843
2844
2845
2848
2849
2850
2872
2873
2874
2875
2876
2879
2880
2881
2882
2883
2887
2888
2889
2890
2891
2895
2896
2897
2898
2902
2903
2904
2905
2906
2910
2911
2912
2913
2914

