2.456563436013129540e+06 1.356279867090775637e+00
2.456563436707573943e+06 1.351318770243640000e+00
2.456563437402018346e+06 1.346414960827621243e+00
2.456563438096462749e+06 1.341569294338677887e+00
2.456563438790907152e+06 1.336779400095266856e+00
2.456563439485351555e+06 1.332046125190417429e+00
2.456563440179795958e+06 1.327367938183874108e+00
2.456563440874240361e+06 1.322743358169311323e+00
2.456563441568684764e+06 1.318173219005979169e+00
2.456563442263129167e+06 1.313655311181908703e+00
2.456563442957573570e+06 1.309190459363980930e+00
2.456563443652017973e+06 1.304776514725142889e+00
2.456563444346462376e+06 1.300414292480746026e+00
2.456563445040906779e+06 1.296102415061587632e+00
2.456563445735351183e+06 1.291839550245874602e+00
2.456563446429795586e+06 1.287626498647714612e+00
2.456563447124239989e+06 1.283461254548565522e+00
2.456563447818684392e+06 1.279344608582521303e+00
2.456563448513128795e+06 1.275274609067959863e+00
2.456563449207573198e+06 1.271252036489610049e+00
2.456563449902017601e+06 1.267275648653604980e+00
2.456563450596462004e+06 1.263344244266144445e+00
2.456563451290906407e+06 1.259458588316497929e+00
2.456563451985350810e+06 1.255616856899976375e+00
2.456563452679795213e+06 1.251819804521682178e+00
2.456563453374239616e+06 1.248065655655470341e+00
2.456563454068684019e+06 1.244355154219486614e+00
2.456563454763128422e+06 1.240687177802033636e+00
2.456563455457572825e+06 1.237060641060092392e+00
2.456563456152017228e+06 1.233476271872853802e+00
2.456563456846461631e+06 1.229932409409548733e+00
2.456563457540906034e+06 1.226429770770853800e+00
2.456563458235350437e+06 1.222966738664885478e+00
2.456563458929794841e+06 1.219544019360106368e+00
2.456563459624239244e+06 1.216160597012567512e+00
2.456563460318683647e+06 1.212815489532366842e+00
2.456563461013128050e+06 1.209509386864191294e+00
2.456563461707572453e+06 1.206240775197786608e+00
2.456563462402016856e+06 1.203010333559332290e+00
2.456563463096461259e+06 1.199816587519777489e+00
2.456563463790905662e+06 1.196660205169010283e+00
2.456563464485350065e+06 1.193540265979249559e+00
2.456563465179794468e+06 1.190455880298494584e+00
2.456563465874238871e+06 1.187407699797280003e+00
2.456563466568683274e+06 1.184394343875371014e+00
2.456563467263127677e+06 1.181416453257287502e+00
2.456563467957572080e+06 1.178472683138127364e+00
2.456563468652016483e+06 1.175563663304546980e+00
2.456563469346460886e+06 1.172688558923663082e+00
2.456563470040905289e+06 1.169846563530902106e+00
2.456563470735349692e+06 1.167038290534680112e+00
2.456563471429794095e+06 1.164262480619021600e+00
2.456563472124238499e+06 1.161519736299571726e+00
2.456563472818682902e+06 1.158808830952312130e+00
2.456563473513127305e+06 1.156130356226630296e+00
2.456563474207571708e+06 1.153483554726002946e+00
2.456563474902016111e+06 1.150867695231750476e+00
2.456563475596460514e+06 1.148283353152934838e+00
2.456563476290904917e+06 1.145729380125832142e+00
2.456563476985349320e+06 1.143206340776622643e+00
2.456563477679793723e+06 1.140713116739821231e+00
2.456563478374238126e+06 1.138250261897847615e+00
2.456563479068682529e+06 1.135817089178114969e+00
2.456563479763126932e+06 1.133412935768049801e+00
2.456563480457571335e+06 1.131038339514127244e+00
2.456563481152015738e+06 1.128692254028854425e+00
2.456563481846460141e+06 1.126375206524029782e+00
2.456563482540904544e+06 1.124086178266605396e+00
2.456563483235348947e+06 1.121825685881040924e+00
2.456563483929793350e+06 1.119593106476038269e+00
2.456563484624237753e+06 1.117387839738322564e+00
2.456563485318682157e+06 1.115210386504170925e+00
2.456563486013126560e+06 1.113059794546977344e+00
2.456563486707570963e+06 1.110936554240888219e+00
2.456563487402015366e+06 1.108840085239569451e+00
2.456563488096459769e+06 1.106769828700514102e+00
2.456563488790904172e+06 1.104726259403288946e+00
2.456563489485348575e+06 1.102708488153063326e+00
2.456563490179792978e+06 1.100716979399419815e+00
2.456563490874237381e+06 1.098750868260804037e+00
2.456563491568681784e+06 1.096810608910914420e+00
2.456563492263126187e+06 1.094895676508433668e+00
2.456563492957570590e+06 1.093005566369750658e+00
2.456563493652014993e+06 1.091140717357524492e+00
2.456563494346459396e+06 1.089300323290552708e+00
2.456563495040903799e+06 1.087484812892457686e+00
2.456563495735348202e+06 1.085693402676821462e+00
2.456563496429792605e+06 1.083926511283225258e+00
2.456563497124237008e+06 1.082183665209045076e+00
2.456563497818681411e+06 1.080464409927157643e+00
2.456563498513125814e+06 1.078769149054453313e+00
2.456563499207570218e+06 1.077097154022787384e+00
2.456563499902014621e+06 1.075448818501987480e+00
2.456563500596459024e+06 1.073823435205668364e+00
2.456563501290903427e+06 1.072221387910891499e+00
2.456563501985347830e+06 1.070642250836990161e+00
2.456563502679792233e+06 1.069085616141548734e+00
2.456563503374236636e+06 1.067551852863714901e+00
2.456563504068681039e+06 1.066040305334764460e+00
2.456563504763125442e+06 1.064551332834714703e+00
2.456563505457569845e+06 1.063084299744241124e+00
2.456563506152014248e+06 1.061639555636626486e+00
2.456563506846458651e+06 1.060216719315040246e+00
2.456563507540903054e+06 1.058815426612669253e+00
2.456563508235347457e+06 1.057436012639729750e+00
2.456563508929791860e+06 1.056077890518678064e+00
2.456563509624236263e+06 1.054741385780667340e+00
2.456563510318680666e+06 1.053425930525111909e+00
2.456563511013125069e+06 1.052131840753678382e+00
2.456563511707569472e+06 1.050858777134850985e+00
2.456563512402013876e+06 1.049606416574478951e+00
2.456563513096458279e+06 1.048375060871280295e+00
2.456563513790902682e+06 1.047164188367833981e+00
2.456563514485347085e+06 1.045974091453098165e+00
2.456563515179791488e+06 1.044804266516726310e+00
2.456563515874235891e+06 1.043654996583990302e+00
2.456563516568680294e+06 1.042525981840636717e+00
2.456563517263124697e+06 1.041416938021392680e+00
2.456563517957569100e+06 1.040328134190362741e+00
2.456563518652013503e+06 1.039259110819284349e+00
2.456563519346457906e+06 1.038210127718867337e+00
2.456563520040902309e+06 1.037180742606076400e+00
2.456563520735346712e+06 1.036171206080291451e+00
2.456563521429791115e+06 1.035181255826034707e+00
2.456563522124235518e+06 1.034210644483196440e+00
2.456563522818679921e+06 1.033259608910730876e+00
2.456563523513124324e+06 1.032327749050942600e+00
2.456563524207568727e+06 1.031415292651208127e+00
2.456563524902013130e+06 1.030521856213125975e+00
2.456563525596457534e+06 1.029647658410165034e+00
2.456563526290901937e+06 1.028792472702721783e+00
2.456563526985346340e+06 1.027956086999762597e+00
2.456563527679790743e+06 1.027138706432028759e+00
2.456563528374235146e+06 1.026339988146414139e+00
2.456563529068679549e+06 1.025560128288148576e+00
2.456563529763123952e+06 1.024798799983339448e+00
2.456563530457568355e+06 1.024056190424700752e+00
2.456563531152012758e+06 1.023332107393061241e+00
2.456563531846457161e+06 1.022626372691228580e+00
2.456563532540901564e+06 1.021939160142365965e+00
2.456563533235345967e+06 1.021270182191662768e+00
2.456563533929790370e+06 1.020619603786203422e+00
2.456563534624234773e+06 1.019987152867878777e+00
2.456563535318679176e+06 1.019372985535813569e+00
2.456563536013123579e+06 1.018776942680188036e+00
2.456563536707567982e+06 1.018198878861339862e+00
2.456563537402012385e+06 1.017638936956426932e+00
2.456563538096456788e+06 1.017096883135309326e+00
2.456563538790901192e+06 1.016572851491231111e+00
2.456563539485345595e+06 1.016066623299072935e+00
2.456563540179789998e+06 1.015578323891259904e+00
2.456563540874234401e+06 1.015107826281843151e+00
2.456563541568678804e+06 1.014655016873589499e+00
2.456563542263123207e+06 1.014220007898171572e+00
2.456563542957567610e+06 1.013802617987353383e+00
2.456563543652012013e+06 1.013402950663334190e+00
2.456563544346456416e+06 1.013020839356687297e+00
2.456563545040900819e+06 1.012656378898106002e+00
2.456563545735345222e+06 1.012309473650698122e+00
2.456563546429789625e+06 1.011980041151770537e+00
2.456563547124234028e+06 1.011668163225567074e+00
2.456563547818678431e+06 1.011373709996657988e+00
2.456563548513122834e+06 1.011096754636213513e+00
2.456563549207567237e+06 1.010837181842748622e+00
2.456563549902011640e+06 1.010595056147127524e+00
2.456563550596456043e+06 1.010370312685836991e+00
2.456563551290900446e+06 1.010162899619373000e+00
2.456563551985344850e+06 1.009972868539169344e+00
2.456563552679789253e+06 1.009800140374186084e+00
2.456563553374233656e+06 1.009644758100927575e+00
2.456563554068678059e+06 1.009506657075788905e+00
2.456563554763122462e+06 1.009385871667869861e+00
2.456563555457566865e+06 1.009282367402063896e+00
2.456563556152011268e+06 1.009196122739608459e+00
2.456563556846455671e+06 1.009127159149674657e+00
2.456563557540900074e+06 1.009075447948744708e+00
2.456563558235344477e+06 1.009041002010818477e+00
2.456563558929788880e+06 1.009023807009729046e+00
2.456563559624233283e+06 1.009023867226562343e+00
2.456563560318677686e+06 1.009041178374792125e+00
2.456563561013122089e+06 1.009075749078053086e+00
2.456563561707566492e+06 1.009127570729356105e+00
2.456563562402010895e+06 1.009196664881905736e+00
2.456563563096455298e+06 1.009283014334850570e+00
2.456563563790899701e+06 1.009386655004167466e+00
2.456563564485344104e+06 1.009507561092126915e+00
2.456563565179788508e+06 1.009645758483271649e+00
2.456563565874232911e+06 1.009801286007297572e+00
2.456563566568677314e+06 1.009974104962564123e+00
2.456563567263121717e+06 1.010164287252291571e+00
2.456563567957566120e+06 1.010371785563834335e+00
2.456563568652010523e+06 1.010596686244181974e+00
2.456563569346454926e+06 1.010838933361402070e+00
2.456563570040899329e+06 1.011098583135742857e+00
2.456563570735343732e+06 1.011375704829181155e+00
2.456563571429788135e+06 1.011670229562404710e+00
2.456563572124232538e+06 1.011982279967515552e+00
2.456563572818676941e+06 1.012311778518653727e+00
2.456563573513121344e+06 1.012658862449328678e+00
2.456563574207565747e+06 1.013023445573613124e+00
2.456563574902010150e+06 1.013405614796719645e+00
2.456563575596454553e+06 1.013805470224904859e+00
2.456563576290898956e+06 1.014222912653898634e+00
2.456563576985343359e+06 1.014658116094109053e+00
2.456563577679787762e+06 1.015110972640900888e+00
2.456563578374232166e+06 1.015581671142445019e+00
2.456563579068676569e+06 1.016070094975030091e+00
2.456563579763120972e+06 1.016576362267915146e+00
2.456563580457565375e+06 1.017100604575367440e+00
2.456563581152009778e+06 1.017642692157133988e+00
2.456563581846454181e+06 1.018202851330504144e+00
2.456563582540898584e+06 1.018780943582960674e+00
2.456563583235342987e+06 1.019377109785800872e+00
2.456563583929787390e+06 1.019991504436357443e+00
2.456563584624231793e+06 1.020623975818961693e+00
2.456563585318676196e+06 1.021274788342203088e+00
2.456563586013120599e+06 1.021943781455887823e+00
2.456563586707565002e+06 1.022631235004347161e+00
2.456563587402009405e+06 1.023336979575447891e+00
2.456563588096453808e+06 1.024061188655085441e+00
2.456563588790898211e+06 1.024804049696783181e+00
2.456563589485342614e+06 1.025565379941373312e+00
2.456563590179787017e+06 1.026345498383544275e+00
2.456563590874231420e+06 1.027144213327487288e+00
2.456563591568675824e+06 1.027961859672880784e+00
2.456563592263120227e+06 1.028798236754960183e+00
2.456563592957564630e+06 1.029653551778159315e+00
2.456563593652009033e+06 1.030528026330216784e+00
2.456563594346453436e+06 1.031421446229730643e+00
2.456563595040897839e+06 1.032334186818544719e+00
2.456563595735342242e+06 1.033266024859568644e+00
2.456563596429786645e+06 1.034217352165409221e+00
2.456563597124231048e+06 1.035187936406265274e+00
2.456563597818675451e+06 1.036178019845217735e+00
2.456563598513119854e+06 1.037187859623694530e+00
2.456563599207564257e+06 1.038217209700959653e+00
2.456563599902008660e+06 1.039266503874528347e+00
2.456563600596453063e+06 1.040335486912768781e+00
2.456563601290897466e+06 1.041424609754305175e+00
2.456563601985341869e+06 1.042533607935149709e+00
2.456563602679786272e+06 1.043662760374595599e+00
2.456563603374230675e+06 1.044812361451131100e+00
2.456563604068675078e+06 1.045982132772251605e+00
2.456563604763119482e+06 1.047172569077412740e+00
2.456563605457563885e+06 1.048383382632896543e+00
2.456563606152008288e+06 1.049615086103984130e+00
2.456563606846452691e+06 1.050867382370211267e+00
2.456563607540897094e+06 1.052140588888161199e+00
2.456563608235341497e+06 1.053435039248008742e+00
2.456563608929785900e+06 1.054750422161832235e+00
2.456563609624230303e+06 1.056087296211763782e+00
2.456563610318674706e+06 1.057445340604667550e+00
2.456563611013119109e+06 1.058825132759395604e+00
2.456563611707563512e+06 1.060226342328480342e+00
2.456563612402007915e+06 1.061649327501954954e+00
2.456563613096452318e+06 1.063094463380661159e+00
2.456563613790896721e+06 1.064561405191960075e+00
2.456563614485341124e+06 1.066050778720030845e+00
2.456563615179785527e+06 1.067562229511250571e+00
2.456563615874229930e+06 1.069096403237464576e+00
2.456563616568674333e+06 1.070652935712586240e+00
2.456563617263118736e+06 1.072232228409141008e+00
2.456563617957563139e+06 1.073834700601815628e+00
2.456563618652007543e+06 1.075459973405771263e+00
2.456563619346451946e+06 1.077108743678121261e+00
2.456563620040896349e+06 1.078780622668065847e+00
2.456563620735340752e+06 1.080476328329163405e+00
2.456563621429785155e+06 1.082195461990559160e+00
2.456563622124229558e+06 1.083938471356113542e+00
2.456563622818673961e+06 1.085705822949604382e+00
2.456563623513118364e+06 1.087497103118272523e+00
2.456563624207562767e+06 1.089313084237797602e+00
2.456563624902007170e+06 1.091153342598673470e+00
2.456563625596451573e+06 1.093018673059008350e+00
2.456563626290895976e+06 1.094908641797565974e+00
2.456563626985340379e+06 1.096823746151551759e+00
2.456563627679784782e+06 1.098764503438651507e+00
2.456563628374229185e+06 1.100730464567424738e+00
2.456563629068673588e+06 1.102722482528022185e+00
2.456563629763117991e+06 1.104740097980156488e+00
2.456563630457562394e+06 1.106784187984064749e+00
2.456563631152006797e+06 1.108854282896273746e+00
2.456563631846451201e+06 1.110950933609828439e+00
2.456563632540895604e+06 1.113074712319835236e+00
2.456563633235340007e+06 1.115225133827791426e+00
2.456563633929784410e+06 1.117403137574850769e+00
2.456563634624228813e+06 1.119608227926179866e+00
2.456563635318673216e+06 1.121841370211297040e+00
2.456563636013117619e+06 1.124102058307357099e+00
2.456563636707562022e+06 1.126390901185700955e+00
2.456563637402006425e+06 1.128708530624342288e+00
2.456563638096450828e+06 1.131054424674664993e+00
2.456563638790895231e+06 1.133429615914248734e+00
2.456563639485339634e+06 1.135833571783075868e+00
2.456563640179784037e+06 1.138267352830743651e+00
2.456563640874228440e+06 1.140730415839453560e+00
2.456563641568672843e+06 1.143223433077611206e+00
2.456563642263117246e+06 1.145747101334191775e+00
2.456563642957561649e+06 1.148300861322909094e+00
2.456563643652006052e+06 1.150885846422195602e+00
2.456563644346450455e+06 1.153501486581947066e+00
2.456563645040894859e+06 1.156148945543485906e+00
2.456563645735339262e+06 1.158827642455284135e+00
2.456563646429783665e+06 1.161538318914668633e+00
2.456563647124228068e+06 1.164281742994160096e+00
2.456563647818672471e+06 1.167057317577347098e+00
2.456563648513116874e+06 1.169866285643851089e+00
2.456563649207561277e+06 1.172708039197113195e+00
2.456563649902005680e+06 1.175583854328333233e+00
2.456563650596450083e+06 1.178493112136538734e+00
2.456563651290894486e+06 1.181436630535051435e+00
2.456563651985338889e+06 1.184415256145516127e+00
2.456563652679783292e+06 1.187428353676024395e+00
2.456563653374227695e+06 1.190477285833627219e+00
2.456563654068672098e+06 1.193561406383670365e+00
2.456563654763116501e+06 1.196682114312734635e+00
2.456563655457560904e+06 1.199838752438483480e+00
2.456563656152005307e+06 1.203032223106271781e+00
2.456563656846449710e+06 1.206263459927022330e+00
2.456563657540894113e+06 1.209531789303299076e+00
2.456563658235338517e+06 1.212838705352888180e+00
2.456563658929782920e+06 1.216183523549925427e+00
2.456563659624227323e+06 1.219567777953914023e+00
2.456563660318671726e+06 1.222990773132832887e+00
2.456563661013116129e+06 1.226453505322580240e+00
2.456563661707560532e+06 1.229957004961309996e+00
2.456563662402004935e+06 1.233500560321121098e+00
2.456563663096449338e+06 1.237085810453563361e+00
2.456563663790893741e+06 1.240712032824059952e+00
2.456563664485338144e+06 1.244380910674321994e+00
2.456563665179782547e+06 1.248091710722954328e+00
2.456563665874226950e+06 1.251845534161177387e+00
2.456563666568671353e+06 1.255643519766094451e+00
2.456563667263115756e+06 1.259484918277721466e+00
2.456563667957560159e+06 1.263371529391775550e+00
2.456563668652004562e+06 1.267302593311031123e+00
2.456563669346448965e+06 1.271279294024910467e+00
2.456563670040893368e+06 1.275302855844369310e+00
2.456563670735337771e+06 1.279372503380683979e+00
2.456563671429782175e+06 1.283490162123400280e+00
2.456563672124226578e+06 1.287655046458290098e+00
2.456563672818670981e+06 1.291869135053189011e+00
2.456563673513115384e+06 1.296131632227014885e+00
2.456563674207559787e+06 1.300443850615984998e+00
2.456563674902004190e+06 1.304807147530921752e+00
2.456563675596448593e+06 1.309220712537054521e+00
2.456563676290892996e+06 1.313686665081749139e+00
2.456563676985337399e+06 1.318204185160728459e+00
2.456563677679781802e+06 1.322775451895298326e+00
2.456563678374226205e+06 1.327399635956417523e+00
2.456563679068670608e+06 1.332078195954252697e+00
2.456563679763115011e+06 1.336812640246643147e+00
2.456563680457559414e+06 1.341602126042302334e+00
2.456563681152003817e+06 1.346448990882302965e+00
2.456563681846448220e+06 1.351352383398128909e+00
2.456563682540892623e+06 1.356314708471543451e+00
2.456563683235337026e+06 1.361335106517451266e+00
2.456563683929781429e+06 1.366415202760577152e+00
2.456563684624225833e+06 1.371556678115745775e+00
2.456563685318670236e+06 1.376758661437874398e+00
2.456563686013114639e+06 1.382023736909232525e+00
2.456563686707559042e+06 1.387351026252375608e+00
2.456563687402003445e+06 1.392743190091963568e+00
2.456563688096447848e+06 1.398199343534827443e+00
2.456563688790892251e+06 1.403721303155925249e+00
2.456563689485336654e+06 1.409310948220341642e+00
2.456563690179781057e+06 1.414967384999184175e+00
2.456563690874225460e+06 1.420693478284693390e+00
2.456563691568669863e+06 1.426488329269690825e+00
2.456563692263114266e+06 1.432354890062713437e+00
2.456563692957558669e+06 1.438292257505074279e+00
2.456563693652003072e+06 1.444302469358644592e+00
2.456563694346447475e+06 1.450387634372333867e+00
2.456563695040891878e+06 1.456546844383470818e+00
2.456563695735336281e+06 1.462783285479179574e+00
2.456563696429780684e+06 1.469096047293997787e+00
2.456563697124225087e+06 1.475488416312364937e+00
2.456563697818669491e+06 1.481959480976620114e+00
2.456563698513113894e+06 1.488511536479472763e+00
2.456563699207558297e+06 1.495146958901398815e+00
2.456563699902002700e+06 1.501864837008487275e+00
2.456563700596447103e+06 1.508668727259608211e+00
2.456563701290891506e+06 1.515557720204530501e+00
2.456563701985335909e+06 1.522535488553869554e+00
2.456563702679780312e+06 1.529601126036481462e+00
2.456563703374224715e+06 1.536757229639465150e+00
2.456563704068669118e+06 1.544006489139810423e+00
2.456563704763113521e+06 1.551348005946649566e+00
2.456563705457557924e+06 1.558785766549800833e+00
2.456563706152002327e+06 1.566318879637726758e+00
2.456563706846446730e+06 1.573951467324785858e+00
2.456563707540891133e+06 1.581682647498655392e+00
2.456563708235335536e+06 1.589515373691767763e+00
2.456563708929779939e+06 1.597452706650496435e+00
2.456563709624224342e+06 1.605493782064938868e+00
2.456563710318668745e+06 1.613643089590677926e+00
2.456563711013113149e+06 1.621899779754440329e+00
2.456563711707557552e+06 1.630268501718361351e+00
2.456563712402001955e+06 1.638748423485045791e+00
2.456563713096446358e+06 1.647342923306902129e+00
2.456563713790890761e+06 1.656055504285501856e+00
2.456563714485335164e+06 1.664885366142127232e+00
2.456563715179779567e+06 1.673837592173953448e+00
2.456563715874223970e+06 1.682911407331719511e+00
2.456563716568668373e+06 1.692112084144030915e+00
2.456563717263112776e+06 1.701438876424443691e+00
2.456563717957557179e+06 1.710895672856990846e+00
2.456563718652001582e+06 1.720486508745214804e+00
2.456563719346445985e+06 1.730210688782208184e+00
2.456563720040890388e+06 1.740074002951121246e+00
2.456563720735334791e+06 1.750075795498522213e+00
2.456563721429779194e+06 1.760222083024836737e+00
2.456563722124223597e+06 1.770512254349247971e+00
2.456563722818668000e+06 1.780950817479343362e+00
2.456563723513112403e+06 1.791542454202786239e+00
2.456563724207556807e+06 1.802286630692602865e+00
2.456563724902001210e+06 1.813189986394462494e+00
2.456563725596445613e+06 1.824252046859497600e+00
2.456563726290890016e+06 1.835479725710497556e+00
2.456563726985334419e+06 1.846872614847068217e+00
2.456563727679778822e+06 1.858435981521287861e+00
2.456563728374223225e+06 1.870175301045874150e+00
2.456563729068667628e+06 1.882090279449912140e+00
2.456563729763112031e+06 1.894188588107787785e+00
2.456563730457556434e+06 1.906470020029221502e+00
2.456563731152000837e+06 1.918942582025509047e+00
2.456563731846445240e+06 1.931606163836107282e+00
2.456563732540889643e+06 1.944466973986398450e+00
2.456563733235334046e+06 1.957531472884436186e+00
2.456563733929778449e+06 1.970799715850942491e+00
2.456563734624222852e+06 1.984280642401653916e+00
2.456563735318667255e+06 1.997974433570105290e+00
2.456563736013111658e+06 2.011890444296803082e+00
2.456563736707556061e+06 2.026028995085316975e+00
2.456563737402000464e+06 2.040397475762452562e+00
2.456563738096444868e+06 2.055003584849109721e+00
2.456563738790889271e+06 2.069847881061510186e+00
2.456563739485333674e+06 2.084940882195644996e+00
2.456563740179778077e+06 2.100283327553486235e+00
2.456563740874222480e+06 2.115886256370028917e+00
2.456563741568666883e+06 2.131750608155384974e+00
2.456563742263111286e+06 2.147885275261741889e+00
2.456563742957555689e+06 2.164299533538122322e+00
2.456563743652000092e+06 2.180994664349011014e+00
2.456563744346444495e+06 2.197983177341974681e+00
2.456563745040888898e+06 2.215266613103933580e+00
2.456563745735333301e+06 2.232858145562137242e+00
2.456563746429777704e+06 2.250759602870841203e+00
2.456563747124222107e+06 2.268981816840310195e+00
2.456563747818666510e+06 2.287536102977241192e+00
2.456563748513110913e+06 2.306424781080279374e+00
2.456563749207555316e+06 2.325662913668744114e+00
2.456563749901999719e+06 2.345253193984889073e+00
2.456563750596444122e+06 2.365208196977599986e+00
2.456563751290888526e+06 2.385541074411340556e+00
2.456563751985332929e+06 2.406255159108237951e+00
2.456563752679777332e+06 2.427367795761604441e+00
2.456563753374221735e+06 2.448882803987865842e+00
2.456563754068666138e+06 2.470818574771108889e+00
2.456563754763110541e+06 2.493179469701387596e+00
2.456563755457554944e+06 2.515981186919482138e+00
2.456563756151999347e+06 2.539240174494474367e+00
2.456563756846443750e+06 2.562961725522995948e+00
2.456563757540888153e+06 2.587167254472822364e+00
2.456563758235332556e+06 2.611862766188709717e+00
2.456563758929776959e+06 2.637071075159960643e+00
2.456563759624221362e+06 2.662798981413762700e+00
2.456563760318665765e+06 2.689066414987979492e+00
2.456563761013110168e+06 2.715894301388028786e+00
2.456563761707554571e+06 2.743290813926813509e+00
2.456563762401998974e+06 2.771282857874158623e+00
2.456563763096443377e+06 2.799879661249162321e+00
2.456563763790887780e+06 2.829110044840394522e+00
2.456563764485332184e+06 2.858984420311597052e+00
2.456563765179776587e+06 2.889528578840247608e+00
2.456563765874220990e+06 2.920769664491291273e+00
2.456563766568665393e+06 2.952720145620470582e+00
2.456563767263109796e+06 2.985414510589208703e+00
2.456563767957554199e+06 3.018866817532573243e+00
2.456563768651998602e+06 3.053114242332424677e+00
2.456563769346443005e+06 3.088172637221913597e+00
2.456563770040887408e+06 3.124076113804378441e+00
2.456563770735331811e+06 3.160860672284150574e+00
2.456563771429776214e+06 3.198545305839110231e+00
2.456563772124220617e+06 3.237175255980153654e+00
2.456563772818665020e+06 3.276771962932110149e+00
2.456563773513109423e+06 3.317384547909109749e+00
2.456563774207553826e+06 3.359037231419055747e+00
2.456563774901998229e+06 3.401776271626308912e+00
2.456563775596442632e+06 3.445650645232532394e+00
2.456563776290887035e+06 3.490689484662595099e+00
2.456563776985331438e+06 3.536953745204060695e+00
2.456563777679775842e+06 3.584476422404212492e+00
2.456563778374220245e+06 3.633324257328767626e+00
2.456563779068664648e+06 3.683534670458758598e+00
2.456563779763109051e+06 3.735172226240641713e+00
2.456563780457553454e+06 3.788305542541259285e+00
2.456563781151997857e+06 3.842979942829018114e+00
2.456563781846442260e+06 3.899280147925689555e+00
2.456563782540886663e+06 3.957257767249098279e+00
2.456563783235331066e+06 4.017006477172886392e+00
2.456563783929775469e+06 4.078585157031768382e+00
2.456563784624219872e+06 4.142086986514859959e+00
2.456563785318664275e+06 4.207611439273609477e+00
2.456563786013108678e+06 4.275230547721474039e+00
2.456563786707553081e+06 4.345066421665068290e+00
2.456563787401997484e+06 4.417201695910930148e+00
2.456563788096441887e+06 4.491772948222839013e+00
2.456563788790886290e+06 4.568875216381252713e+00
2.456563789485330693e+06 4.648648327454146134e+00
2.456563790179775096e+06 4.731242350188400003e+00
2.456563790874219500e+06 4.816775108758593049e+00
2.456563791568663903e+06 4.905430269654821096e+00
2.456563792263108306e+06 4.997344317025517846e+00
2.456563792957552709e+06 5.092725474143573017e+00
2.456563793651997112e+06 5.191732352202913070e+00
2.456563794346441515e+06 5.294584602538165541e+00
2.456563795040885918e+06 5.401519473542515826e+00
2.456563795735330321e+06 5.512736978460126558e+00
2.456563796429774724e+06 5.628527616948659329e+00
2.456563797124219127e+06 5.749125958756037491e+00
2.456563797818663530e+06 5.874866670033442873e+00
2.456563798513107933e+06 6.006025989099149420e+00
2.456563799207552336e+06 6.142968205530110914e+00
2.456563799901996739e+06 6.286089889196555092e+00
2.456563800596441142e+06 6.435747105849944028e+00
2.456563801290885545e+06 6.592427951603413661e+00
2.456563801985329948e+06 6.756556897399462081e+00
2.456563802679774351e+06 6.928707674370994773e+00
2.456563803374218754e+06 7.109389406987641991e+00
2.456563804068663158e+06 7.299249091430215053e+00
2.456563804763107561e+06 7.498999032127788844e+00
2.456563805457551964e+06 7.709317863425729556e+00
2.456563806151996367e+06 7.931096304808447073e+00
2.456563806846440770e+06 8.165167588449872227e+00
2.456563807540885173e+06 8.412616257972368672e+00
2.456563808235329576e+06 8.674482773160237414e+00
2.456563808929773979e+06 8.952067386203237831e+00
2.456563809624218382e+06 9.246847207596351481e+00
2.456563810318662785e+06 9.560356787799472400e+00
2.456563811013107188e+06 9.894594866600646910e+00
2.456563811707551591e+06 1.025168786085653139e+01
2.456563812401995994e+06 1.070480713155247798e+01
2.456563813096440397e+06 1.131193482618277457e+01
2.456563813790884800e+06 1.198254000678105236e+01
2.456563814485329203e+06 1.272724255573451657e+01
2.456563815179773606e+06 1.355873203294913587e+01
2.456563815874218009e+06 1.449342910360583048e+01
2.456563816568662412e+06 1.555142433856152451e+01
2.456563817263106816e+06 1.675924229293759637e+01
2.456563817957551219e+06 1.815060599661999063e+01
2.456563818651995622e+06 1.977105231955231801e+01
2.456563819346440025e+06 2.168253904785668951e+01
